 1.0 0.87252
 2.0 0.878255
 3.0 0.850541
 4.0 0.870131
 5.0 0.888766
 6.0 0.880763
 7.0 0.84385
 8.0 0.865831
 9.0 0.876343
 10.0 0.996278
 11.0 0.932727
 12.0 0.978599
 13.0 0.960919
 14.0 0.939417
 15.0 0.932727
 16.0 0.934639
 17.0 0.961397
 18.0 0.927471
 19.0 0.873476
 20.0 0.888766
 21.0 0.929382
 22.0 0.955662
 23.0 0.940373
 24.0 1.031639
 25.0 1.102357
 26.0 1.080378
 27.0 1.060308
 28.0 1.066998
 29.0 1.063653
 30.0 1.039284
 31.0 0.961397
 32.0 1.038328
 33.0 1.019214
 34.0 0.973343
 35.0 0.996757
 36.0 0.957097
 37.0 1.007269
 38.0 0.955662
 39.0 0.913136
 40.0 0.835249
 41.0 0.870131
 42.0 0.855319
 43.0 0.947062
 44.0 0.969998
 45.0 0.926037
 46.0 0.908836
 47.0 0.921259
 48.0 0.980988
 49.0 0.927471
 50.0 0.969042
 51.0 0.948496
 52.0 0.950407
 53.0 0.90119
 54.0 0.879688
 55.0 0.846239
 56.0 0.864875
 57.0 0.841939
 58.0 0.806102
 59.0 0.759275
 60.0 0.786033
 61.0 0.822826
 62.0 0.772176
 63.0 0.808013
 64.0 0.775043
 65.0 0.770265
 66.0 0.718659
 67.0 0.687599
 68.0 0.656063
 69.0 0.670398
 70.0 0.667172
 71.0 0.660363
 72.0 0.669442
 73.0 0.642205
 74.0 0.681388
 75.0 0.707669
 76.0 0.698112
 77.0 0.710057
 78.0 0.73825
 79.0 0.72487
 80.0 0.732038
 81.0 0.697156
 82.0 0.722481
 83.0 0.691423
 84.0 0.706235
 85.0 0.697156
 86.0 0.738727
 87.0 0.774087
 88.0 0.850541
 89.0 0.82187
 90.0 0.790333
 91.0 0.827604
 92.0 0.791289
 93.0 0.832382
 94.0 0.783644
 95.0 0.800846
 96.0 0.815181
 97.0 0.789378
 98.0 0.792244
 99.0 0.832382
 100.0 0.873476
 101.0 0.870609
 102.0 0.900235
 103.0 0.86392
 104.0 0.882077
 105.0 0.891634
 106.0 0.875387
 107.0 0.805624
 108.0 0.842895
 109.0 0.819003
 110.0 0.744462
 111.0 0.765486
 112.0 0.765486
 113.0 0.795111
 114.0 0.738727
 115.0 0.776954
 116.0 0.754018
 117.0 0.722481
 118.0 0.733949
 119.0 0.724393
 120.0 0.732994
 121.0 0.714836
 122.0 0.726304
 123.0 0.72726
 124.0 0.729171
 125.0 0.719614
 126.0 0.71388
 127.0 0.741594
 128.0 0.786511
 129.0 0.76453
 130.0 0.772176
 131.0 0.790333
 132.0 0.830471
 133.0 0.857947
 134.0 0.868698
 135.0 0.887811
 136.0 0.905014
 137.0 0.909791
 138.0 0.931772
 139.0 0.969998
 140.0 0.954707
 141.0 0.893545
 142.0 0.948018
 143.0 0.900235
 144.0 0.893545
 145.0 0.883033
 146.0 0.886855
 147.0 0.869415
 148.0 0.844567
 149.0 0.927471
 150.0 0.916481
 151.0 0.933444
 152.0 0.866787
 153.0 0.797979
 154.0 0.818048
 155.0 0.786511
 156.0 0.748284
 157.0 0.818048
 158.0 0.393733
 159.0 0.370797
 160.0 0.341172
 161.0 0.361241
 162.0 0.337349
 163.0 0.33926
 164.0 0.332571
 165.0 0.319192
 166.0 0.300078
 167.0 0.305812
 168.0 0.337349
 169.0 0.328748
 170.0 0.307723
 171.0 0.307723
 172.0 0.289566
 173.0 0.298167
 174.0 0.311546
 175.0 0.288611
 176.0 0.282876
 177.0 0.282876
 178.0 0.283832
 179.0 0.2953
 180.0 0.299122
 181.0 0.313457
 182.0 0.341172
 183.0 0.340216
 184.0 0.327793
 185.0 0.325881
 186.0 0.306768
 187.0 0.308679
 188.0 0.291477
 189.0 0.296255
 190.0 0.309635
 191.0 0.303901
 192.0 0.290522
 193.0 0.282876
 194.0 0.289566
 195.0 0.287655
 196.0 0.282876
 197.0 0.2953
 198.0 0.285743
 199.0 0.275709
 200.0 0.268541
 201.0 0.252295
 202.0 0.260897
 203.0 0.255162
 204.0 0.25994
 205.0 0.218847
 206.0 0.218847
 207.0 0.230315
 208.0 0.232226
 209.0 0.235094
 210.0 0.229359
 211.0 0.220759
 212.0 0.215024
 213.0 0.217891
 214.0 0.214069
 215.0 0.219802
 216.0 0.215024
 217.0 0.229359
 218.0 0.224581
 219.0 0.226492
 220.0 0.226492
 221.0 0.227448
 222.0 0.227448
 223.0 0.250384
 224.0 0.260897
 225.0 0.250384
 226.0 0.253251
 227.0 0.262808
 228.0 0.253251
 229.0 0.275231
 230.0 0.262808
 231.0 0.261852
 232.0 0.257073
 233.0 0.285743
 234.0 0.298167
 235.0 0.294344
 236.0 0.313457
 237.0 0.313457
 238.0 0.304857
 239.0 0.299122
 240.0 0.331615
 241.0 0.332571
 242.0 0.33066
 243.0 0.323014
 244.0 0.315369
 245.0 0.308679
 246.0 0.323014
 247.0 0.31728
 248.0 0.31728
 249.0 0.292433
 250.0 0.301034
 251.0 0.292433
 252.0 0.298167
 253.0 0.306768
 254.0 0.290522
 255.0 0.280009
 256.0 0.288611
 257.0 0.287655
 258.0 0.287655
 259.0 0.298167
 260.0 0.296255
 261.0 0.279054
 262.0 0.286699
 263.0 0.294344
 264.0 0.311546
 265.0 0.328748
 266.0 0.324925
 267.0 0.318236
 268.0 0.309635
 269.0 0.284787
 270.0 0.299122
 271.0 0.312502
 272.0 0.301034
 273.0 0.300078
 274.0 0.314414
 275.0 0.301034
 276.0 0.307723
 277.0 0.33066
 278.0 0.351684
 279.0 0.33303
 280.0 0.349696
 281.0 0.338993
 282.0 0.344497
 283.0 0.337464
 284.0 0.330125
 285.0 0.309482
 286.0 0.298167
 287.0 0.319115
 288.0 0.314834
 289.0 0.314069
 290.0 0.337005
 291.0 0.333336
 292.0 0.342815
 293.0 0.327831
 294.0 0.311929
 295.0 0.348473
 296.0 0.393275
 297.0 0.382877
 298.0 0.370797
 299.0 0.367433
 300.0 0.377984
 301.0 0.377525
 302.0 0.400614
 303.0 0.389758
 304.0 0.396486
 305.0 0.406577
 306.0 0.381653
 307.0 0.393733
 308.0 0.381653
 309.0 0.37569
 310.0 0.366669
 311.0 0.351684
 312.0 0.349391
 313.0 0.356118
 314.0 0.354437
 315.0 0.368503
 316.0 0.360094
 317.0 0.359788
 318.0 0.360247
 319.0 0.359329
 320.0 0.355201
 321.0 0.354742
 322.0 0.348015
 323.0 0.328289
 324.0 0.302448
 325.0 0.305048
 326.0 0.319421
 327.0 0.315904
 328.0 0.320186
 329.0 0.316975
 330.0 0.331195
 331.0 0.325996
 332.0 0.306424
 333.0 0.310553
 334.0 0.312999
 335.0 0.303977
 336.0 0.31254
 337.0 0.310858
 338.0 0.308718
 339.0 0.331347
 340.0 0.343886
 341.0 0.340369
 342.0 0.366822
 343.0 0.363152
 344.0 0.356883
 345.0 0.359941
 346.0 0.355507
 347.0 0.365446
 348.0 0.364528
 349.0 0.354589
 350.0 0.336852
 351.0 0.347097
 352.0 0.323244
 353.0 0.34465
 354.0 0.372479
 355.0 0.379972
 356.0 0.366363
 357.0 0.383794
 358.0 0.317892
 359.0 0.305201
 360.0 0.305507
 361.0 0.298779
 362.0 0.291898
 363.0 0.282417
 364.0 0.284252
 365.0 0.28991
 366.0 0.289452
 367.0 0.287311
 368.0 0.291439
 369.0 0.30306
 370.0 0.298167
 371.0 0.292509
 372.0 0.294344
 373.0 0.288992
 374.0 0.291286
 375.0 0.290827
 376.0 0.291898
 377.0 0.286393
 378.0 0.281959
 379.0 0.28517
 380.0 0.276302
 381.0 0.277066
 382.0 0.274008
 383.0 0.278442
 384.0 0.272326
 385.0 0.283947
 386.0 0.289298
 387.0 0.281347
 388.0 0.272632
 389.0 0.272632
 390.0 0.283641
 391.0 0.279054
 392.0 0.283641
 393.0 0.27095
 394.0 0.264221
 395.0 0.265598
 396.0 0.259788
 397.0 0.248931
 398.0 0.260247
 399.0 0.239757
 400.0 0.240521
 401.0 0.251531
 402.0 0.237616
 403.0 0.231653
 404.0 0.237157
 405.0 0.237157
 406.0 0.237616
 407.0 0.230124
 408.0 0.229053
 409.0 0.242815
 410.0 0.24679
 411.0 0.247708
 412.0 0.244649
 413.0 0.257188
 414.0 0.271256
 415.0 0.275384
 416.0 0.275078
 417.0 0.275384
 418.0 0.259788
 419.0 0.275231
 420.0 0.279818
 421.0 0.290827
 422.0 0.277372
 423.0 0.289757
 424.0 0.293427
 425.0 0.285476
 426.0 0.269573
 427.0 0.269115
 428.0 0.268503
 429.0 0.284252
 430.0 0.283947
 431.0 0.291592
 432.0 0.299237
 433.0 0.299543
 434.0 0.286087
 435.0 0.286087
 436.0 0.286699
 437.0 0.296179
 438.0 0.299849
 439.0 0.297402
 440.0 0.290063
 441.0 0.305812
 442.0 0.298626
 443.0 0.30092
 444.0 0.303366
 445.0 0.32676
 446.0 0.321103
 447.0 0.313916
 448.0 0.312234
 449.0 0.32569
 450.0 0.321867
 451.0 0.34251
 452.0 0.363305
 453.0 0.34832
 454.0 0.34465
 455.0 0.34465
 456.0 0.33303
 457.0 0.328595
 458.0 0.321103
 459.0 0.311775
 460.0 0.315292
 461.0 0.321256
 462.0 0.330583
 463.0 0.316057
 464.0 0.321103
 465.0 0.326608
 466.0 0.328595
 467.0 0.337464
 468.0 0.342969
 469.0 0.334864
 470.0 0.356271
 471.0 0.360552
 472.0 0.362235
 473.0 0.350155
 474.0 0.345721
 475.0 0.331042
 476.0 0.324619
 477.0 0.321867
 478.0 0.323397
 479.0 0.331806
 480.0 0.317739
 481.0 0.343733
 482.0 0.338993
 483.0 0.333641
 484.0 0.351989
 485.0 0.354895
 486.0 0.355507
 487.0 0.355813
 488.0 0.352754
 489.0 0.368351
 490.0 0.377984
 491.0 0.373244
 492.0 0.387617
 493.0 0.389146
 494.0 0.37722
 495.0 0.371562
 496.0 0.367433
 497.0 0.381959
 498.0 0.377831
 499.0 0.382418
 500.0 0.376149
 501.0 0.365446
 502.0 0.345874
 503.0 0.353672
 504.0 0.328748
 505.0 0.347708
 506.0 0.36407
 507.0 0.361929
 508.0 0.335782
 509.0 0.331806
 510.0 0.358565
 511.0 0.371409
 512.0 0.359788
 513.0 0.368045
 514.0 0.372785
 515.0 0.377066
 516.0 0.383183
 517.0 0.377984
 518.0 0.374467
 519.0 0.37355
 520.0 0.381501
 521.0 0.37829
 522.0 0.379972
 523.0 0.381042
 524.0 0.371103
 525.0 0.368351
 526.0 0.357036
 527.0 0.358718
 528.0 0.35887
 529.0 0.361929
 530.0 0.374009
 531.0 0.368045
 532.0 0.363152
 533.0 0.380736
 534.0 0.37829
 535.0 0.375537
 536.0 0.368503
 537.0 0.377066
 538.0 0.380125
 539.0 0.383183
 540.0 0.382266
 541.0 0.39358
 542.0 0.399238
 543.0 0.388534
 544.0 0.381959
 545.0 0.375079
 546.0 0.370797
 547.0 0.363457
 548.0 0.368809
 549.0 0.351837
 550.0 0.366363
 551.0 0.371103
 552.0 0.366669
 553.0 0.362235
 554.0 0.359482
 555.0 0.346332
 556.0 0.34358
 557.0 0.372633
 558.0 0.36988
 559.0 0.356577
 560.0 0.366057
 561.0 0.391592
 562.0 0.386547
 563.0 0.385477
 564.0 0.382418
 565.0 0.37829
 566.0 0.358718
 567.0 0.371868
 568.0 0.385018
 569.0 0.369268
 570.0 0.366669
 571.0 0.366669
 572.0 0.370033
 573.0 0.356271
 574.0 0.350308
 575.0 0.34832
 576.0 0.347402
 577.0 0.33884
 578.0 0.327219
 579.0 0.328442
 580.0 0.312846
 581.0 0.307188
 582.0 0.298779
 583.0 0.307342
 584.0 0.314069
 585.0 0.308105
 586.0 0.261775
 587.0 0.261623
 588.0 0.257647
 589.0 0.264069
 590.0 0.262081
 591.0 0.25306
 592.0 0.260858
 593.0 0.27095
 594.0 0.260858
 595.0 0.259023
 596.0 0.26835
 597.0 0.286546
 598.0 0.275384
 599.0 0.268045
 600.0 0.264834
 601.0 0.279818
 602.0 0.267739
 603.0 0.278748
 604.0 0.273091
 605.0 0.238992
 606.0 0.229207
 607.0 0.228748
 608.0 0.228136
 609.0 0.221255
 610.0 0.232418
 611.0 0.219573
 612.0 0.219267
 613.0 0.229665
 614.0 0.235934
 615.0 0.233335
 616.0 0.226301
 617.0 0.220949
 618.0 0.213915
 619.0 0.225383
 620.0 0.229818
 621.0 0.233946
 622.0 0.229359
 623.0 0.229207
 624.0 0.22309
 625.0 0.231959
 626.0 0.238686
 627.0 0.241744
 628.0 0.244344
 629.0 0.243274
 630.0 0.246485
 631.0 0.244191
 632.0 0.240521
 633.0 0.237463
 634.0 0.227066
 635.0 0.224772
 636.0 0.224772
 637.0 0.225537
 638.0 0.214833
 639.0 0.221408
 640.0 0.216821
 641.0 0.219879
 642.0 0.219726
 643.0 0.219115
 644.0 0.218503
 645.0 0.216209
 646.0 0.216668
 647.0 0.221714
 648.0 0.226301
 649.0 0.229665
 650.0 0.222937
 651.0 0.227372
 652.0 0.227066
 653.0 0.223855
 654.0 0.228289
 655.0 0.224772
 656.0 0.225078
 657.0 0.221714
 658.0 0.221867
 659.0 0.216668
 660.0 0.218656
 661.0 0.214528
 662.0 0.210552
 663.0 0.209176
 664.0 0.2078
 665.0 0.21575
 666.0 0.221867
 667.0 0.225842
 668.0 0.231805
 669.0 0.222631
 670.0 0.21575
 671.0 0.219267
 672.0 0.222631
 673.0 0.224772
 674.0 0.227524
 675.0 0.224619
 676.0 0.235781
 677.0 0.238686
 678.0 0.236087
 679.0 0.244344
 680.0 0.24572
 681.0 0.250154
 682.0 0.258258
 683.0 0.258412
 684.0 0.263304
 685.0 0.244649
 686.0 0.242203
 687.0 0.231805
 688.0 0.239145
 689.0 0.238381
 690.0 0.249237
 691.0 0.243885
 692.0 0.239298
 693.0 0.233488
 694.0 0.237463
 695.0 0.250001
 696.0 0.244803
 697.0 0.244191
 698.0 0.235629
 699.0 0.240368
 700.0 0.237005
 701.0 0.232111
 702.0 0.231805
 703.0 0.2289
 704.0 0.223702
 705.0 0.228594
 706.0 0.225537
 707.0 0.23364
 708.0 0.236851
 709.0 0.232264
 710.0 0.226148
 711.0 0.227066
 712.0 0.230583
 713.0 0.222785
 714.0 0.217126
 715.0 0.216209
 716.0 0.221561
 717.0 0.219573
 718.0 0.220185
 719.0 0.214986
 720.0 0.215139
 721.0 0.219115
 722.0 0.226301
 723.0 0.22783
 724.0 0.22783
 725.0 0.227066
 726.0 0.222478
 727.0 0.224466
 728.0 0.225078
 729.0 0.223702
 730.0 0.223396
 731.0 0.220644
 732.0 0.223548
 733.0 0.215598
 734.0 0.214374
 735.0 0.212234
 736.0 0.216668
 737.0 0.211011
 738.0 0.216056
 739.0 0.222937
 740.0 0.228289
 741.0 0.218961
 742.0 0.219573
 743.0 0.224161
 744.0 0.223243
 745.0 0.220949
 746.0 0.220644
 747.0 0.216362
 748.0 0.21942
 749.0 0.21942
 750.0 0.220032
 751.0 0.222326
 752.0 0.224313
 753.0 0.233488
 754.0 0.227066
 755.0 0.225842
 756.0 0.229359
 757.0 0.225383
 758.0 0.229665
 759.0 0.221714
 760.0 0.227218
 761.0 0.229512
 762.0 0.224007
 763.0 0.222631
 764.0 0.223548
 765.0 0.222631
 766.0 0.222172
 767.0 0.219726
 768.0 0.217585
 769.0 0.217433
 770.0 0.225078
 771.0 0.225996
 772.0 0.229512
 773.0 0.229359
 774.0 0.228594
 775.0 0.227983
 776.0 0.229359
 777.0 0.219726
 778.0 0.222478
 779.0 0.220337
 780.0 0.221561
 781.0 0.222785
 782.0 0.216209
 783.0 0.216515
 784.0 0.223243
 785.0 0.221102
 786.0 0.220337
 787.0 0.221561
 788.0 0.220949
 789.0 0.216974
 790.0 0.219726
 791.0 0.201836
 792.0 0.207647
 793.0 0.204741
 794.0 0.202448
 795.0 0.200613
 796.0 0.200919
 797.0 0.206576
 798.0 0.207647
 799.0 0.205506
 800.0 0.20413
 801.0 0.211928
 802.0 0.214986
 803.0 0.217433
 804.0 0.219573
 805.0 0.220949
 806.0 0.246026
 807.0 0.267586
 808.0 0.26988
 809.0 0.275231
 810.0 0.279818
 811.0 0.283794
 812.0 0.285476
 813.0 0.283641
 814.0 0.286393
 815.0 0.287463
 816.0 0.27676
 817.0 0.27202
 818.0 0.272937
 819.0 0.278901
 820.0 0.280124
 821.0 0.288687
 822.0 0.279513
 823.0 0.27676
 824.0 0.274467
 825.0 0.266821
 826.0 0.26468
 827.0 0.269115
 828.0 0.269726
 829.0 0.262234
 830.0 0.256729
 831.0 0.262693
 832.0 0.266821
 833.0 0.271714
 834.0 0.266362
 835.0 0.279359
 836.0 0.278136
 837.0 0.292357
 838.0 0.292662
 839.0 0.29358
 840.0 0.291439
 841.0 0.287158
 842.0 0.291898
 843.0 0.294956
 844.0 0.286393
 845.0 0.291439
 846.0 0.291898
 847.0 0.29465
 848.0 0.292509
 849.0 0.303824
 850.0 0.311929
 851.0 0.304131
 852.0 0.29939
 853.0 0.303518
 854.0 0.304283
 855.0 0.299849
 856.0 0.303824
 857.0 0.319573
 858.0 0.318962
 859.0 0.31514
 860.0 0.318045
 861.0 0.317892
 862.0 0.31361
 863.0 0.32936
 864.0 0.32095
 865.0 0.316821
 866.0 0.310094
 867.0 0.322326
 868.0 0.316975
 869.0 0.324314
 870.0 0.311623
 871.0 0.300155
 872.0 0.304742
 873.0 0.300307
 874.0 0.300613
 875.0 0.301225
 876.0 0.308564
 877.0 0.305353
 878.0 0.301378
 879.0 0.311011
 880.0 0.310705
 881.0 0.321256
 882.0 0.331501
 883.0 0.319268
 884.0 0.318962
 885.0 0.321867
 886.0 0.328442
 887.0 0.339299
 888.0 0.345721
 889.0 0.349391
 890.0 0.350919
 891.0 0.349085
 892.0 0.344039
 893.0 0.347708
 894.0 0.342051
 895.0 0.339145
 896.0 0.344956
 897.0 0.353213
 898.0 0.339604
 899.0 0.341898
 900.0 0.338228
 901.0 0.349849
 902.0 0.345262
 903.0 0.337617
 904.0 0.342969
 905.0 0.325996
 906.0 0.312387
 907.0 0.316362
 908.0 0.32569
 909.0 0.316821
 910.0 0.317892
 911.0 0.314527
 912.0 0.331653
 913.0 0.340828
 914.0 0.355048
 915.0 0.352602
 916.0 0.358565
 917.0 0.362082
 918.0 0.372326
 919.0 0.375385
 920.0 0.379513
 921.0 0.355507
 922.0 0.347861
 923.0 0.355048
 924.0 0.354437
 925.0 0.348015
 926.0 0.351531
 927.0 0.345567
 928.0 0.345567
 929.0 0.362693
 930.0 0.362235
 931.0 0.35306
 932.0 0.350002
 933.0 0.353978
 934.0 0.350308
 935.0 0.352143
 936.0 0.353519
 937.0 0.344039
 938.0 0.334864
 939.0 0.32936
 940.0 0.341439
 941.0 0.342815
 942.0 0.328136
 943.0 0.32309
 944.0 0.312081
 945.0 0.312234
 946.0 0.311623
 947.0 0.310094
 948.0 0.323397
 949.0 0.31621
 950.0 0.316821
 951.0 0.319727
 952.0 0.331959
 953.0 0.32936
 954.0 0.321562
 955.0 0.323397
 956.0 0.318809
 957.0 0.321867
 958.0 0.312693
 959.0 0.311623
 960.0 0.324314
 961.0 0.319421
 962.0 0.308412
 963.0 0.307647
 964.0 0.303977
 965.0 0.306424
 966.0 0.301225
 967.0 0.303518
 968.0 0.302907
 969.0 0.312081
 970.0 0.317739
 971.0 0.323397
 972.0 0.325384
 973.0 0.32676
 974.0 0.325384
 975.0 0.338993
 976.0 0.337769
 977.0 0.345415
 978.0 0.357189
 979.0 0.351684
 980.0 0.362846
 981.0 0.368809
 982.0 0.370033
 983.0 0.349391
 984.0 0.347402
 985.0 0.347556
 986.0 0.345721
 987.0 0.339145
 988.0 0.344956
 989.0 0.351837
 990.0 0.352754
 991.0 0.344345
 992.0 0.346791
 993.0 0.344956
 994.0 0.341286
 995.0 0.340369
 996.0 0.333182
 997.0 0.342815
 998.0 0.34725
 999.0 0.346638
 1000.0 0.351378
 1001.0 0.363917
 1002.0 0.362846
 1003.0 0.351684
 1004.0 0.35413
 1005.0 0.355659
 1006.0 0.34358
 1007.0 0.34251
 1008.0 0.339299
 1009.0 0.341898
 1010.0 0.348778
 1011.0 0.352296
 1012.0 0.365752
 1013.0 0.367281
 1014.0 0.36407
 1015.0 0.365752
 1016.0 0.384712
 1017.0 0.408871
 1018.0 0.397556
 1019.0 0.414376
 1020.0 0.423244
 1021.0 0.41514
 1022.0 0.421409
 1023.0 0.404436
 1024.0 0.394803
 1025.0 0.400461
 1026.0 0.39251
 1027.0 0.395415
 1028.0 0.395415
 1029.0 0.386699
 1030.0 0.38991
 1031.0 0.410858
 1032.0 0.413458
 1033.0 0.426761
 1034.0 0.426913
 1035.0 0.413458
 1036.0 0.414528
 1037.0 0.420491
 1038.0 0.43303
 1039.0 0.425537
 1040.0 0.417587
 1041.0 0.42095
 1042.0 0.428748
 1043.0 0.411776
 1044.0 0.407342
 1045.0 0.448015
 1046.0 0.44618
 1047.0 0.433489
 1048.0 0.424009
 1049.0 0.424009
 1050.0 0.424773
 1051.0 0.42355
 1052.0 0.414834
 1053.0 0.411929
 1054.0 0.404436
 1055.0 0.40933
 1056.0 0.394192
 1057.0 0.398626
 1058.0 0.399697
 1059.0 0.407495
 1060.0 0.406425
 1061.0 0.4078
 1062.0 0.401837
 1063.0 0.414987
 1064.0 0.417434
 1065.0 0.415752
 1066.0 0.413764
 1067.0 0.407342
 1068.0 0.413764
 1069.0 0.404743
 1070.0 0.408412
 1071.0 0.414528
 1072.0 0.418045
 1073.0 0.434406
 1074.0 0.435935
 1075.0 0.430737
 1076.0 0.429054
 1077.0 0.429054
 1078.0 0.442205
 1079.0 0.434254
 1080.0 0.440064
 1081.0 0.455813
 1082.0 0.46407
 1083.0 0.461777
 1084.0 0.470034
 1085.0 0.460553
 1086.0 0.469269
 1087.0 0.500615
 1088.0 0.501685
 1089.0 0.503214
 1090.0 0.494345
 1091.0 0.504591
 1092.0 0.515294
 1093.0 0.507342
 1094.0 0.515294
 1095.0 0.496792
 1096.0 0.496945
 1097.0 0.497556
 1098.0 0.493887
 1099.0 0.475232
 1100.0 0.473245
 1101.0 0.464682
 1102.0 0.460859
 1103.0 0.459177
 1104.0 0.445568
 1105.0 0.446792
 1106.0 0.452296
 1107.0 0.50352
 1108.0 0.492358
 1109.0 0.488841
 1110.0 0.492358
 1111.0 0.483489
 1112.0 0.484406
 1113.0 0.469421
 1114.0 0.477984
 1115.0 0.495874
 1116.0 0.493428
 1117.0 0.499085
 1118.0 0.494498
 1119.0 0.482878
 1120.0 0.478443
 1121.0 0.486089
 1122.0 0.479973
 1123.0 0.455355
 1124.0 0.463305
 1125.0 0.48196
 1126.0 0.474162
 1127.0 0.464376
 1128.0 0.471562
 1129.0 0.470645
 1130.0 0.472021
 1131.0 0.485324
 1132.0 0.469575
 1133.0 0.470951
 1134.0 0.475232
 1135.0 0.488535
 1136.0 0.505355
 1137.0 0.529973
 1138.0 0.525233
 1139.0 0.521716
 1140.0 0.527373
 1141.0 0.548321
 1142.0 0.545263
 1143.0 0.538688
 1144.0 0.546792
 1145.0 0.555814
 1146.0 0.545875
 1147.0 0.548474
 1148.0 0.544193
 1149.0 0.542664
 1150.0 0.538229
 1151.0 0.555814
 1152.0 0.567893
 1153.0 0.576609
 1154.0 0.581196
 1155.0 0.564529
 1156.0 0.569881
 1157.0 0.570187
 1158.0 0.573857
 1159.0 0.581655
 1160.0 0.59144
 1161.0 0.592511
 1162.0 0.591288
 1163.0 0.593123
 1164.0 0.601992
 1165.0 0.62141
 1166.0 0.605814
 1167.0 0.597251
 1168.0 0.590064
 1169.0 0.585477
 1170.0 0.607801
 1171.0 0.687771
 1172.0 0.695723
 1173.0 0.730127
 1174.0 0.725081
 1175.0 0.725846
 1176.0 0.733032
 1177.0 0.724928
 1178.0 0.727068
 1179.0 0.733491
 1180.0 0.769117
 1181.0 0.798017
 1182.0 0.801228
 1183.0 0.801993
 1184.0 0.818048
 1185.0 0.845724
 1186.0 0.832573
 1187.0 0.836702
 1188.0 0.831503
 1189.0 0.826458
 1190.0 0.837161
 1191.0 0.845571
 1192.0 0.848628
 1193.0 0.844654
 1194.0 0.840066
 1195.0 0.839454
 1196.0 0.846947
 1197.0 0.843583
 1198.0 0.938079
 1199.0 0.936856
 1200.0 0.979363
 1201.0 0.987009
 1202.0 1.046489
 1203.0 1.025235
 1204.0 1.036551
 1205.0 0.9971
 1206.0 0.958416
 1207.0 1.005817
 1208.0 0.961627
 1209.0 0.96759
 1210.0 0.978446
 1211.0 0.996183
 1212.0 0.992513
 1213.0 0.998324
 1214.0 0.997865
 1215.0 1.018355
 1216.0 0.993737
 1217.0 0.959027
 1218.0 0.973859
 1219.0 0.974777
 1220.0 0.978752
 1221.0 0.965755
 1222.0 0.981351
 1223.0 0.985327
 1224.0 0.990831
 1225.0 0.984715
 1226.0 0.967743
 1227.0 0.977682
 1228.0 0.986245
 1229.0 0.987009
 1230.0 1.058875
 1231.0 1.054441
 1232.0 0.987161
 1233.0 1.000924
 1234.0 1.067285
 1235.0 1.0734
 1236.0 1.080282
 1237.0 1.068508
 1238.0 1.077376
 1239.0 1.077835
 1240.0 1.081963
 1241.0 1.101688
 1242.0 1.104747
 1243.0 1.11071
 1244.0 1.131199
 1245.0 1.175848
 1246.0 1.185481
 1247.0 1.217591
 1248.0 1.189762
 1249.0 1.205512
 1250.0 1.207041
 1251.0 1.237011
 1252.0 1.203983
 1253.0 1.198172
 1254.0 1.241751
 1255.0 1.294045
 1256.0 1.351843
 1257.0 1.378142
 1258.0 1.342669
 1259.0 1.327378
 1260.0 1.304137
 1261.0 1.349091
 1262.0 1.359794
 1263.0 1.360711
 1264.0 1.371874
 1265.0 1.360865
 1266.0 1.349243
 1267.0 1.277989
 1268.0 1.309183
 1269.0 1.307347
 1270.0 1.239457
 1271.0 1.203371
 1272.0 1.21805
 1273.0 1.231505
 1274.0 1.233035
 1275.0 1.252606
 1276.0 1.259335
 1277.0 1.292057
 1278.0 1.31377
 1279.0 1.336399
 1280.0 1.309794
 1281.0 1.301231
 1282.0 1.299701
 1283.0 1.30062
 1284.0 1.276766
 1285.0 1.308876
 1286.0 1.274319
 1287.0 1.250466
 1288.0 1.256582
 1289.0 1.281047
 1290.0 1.294503
 1291.0 1.332117
 1292.0 1.337623
 1293.0 1.281965
 1294.0 1.304595
 1295.0 1.255053
 1296.0 1.139456
 1297.0 1.081046
 1298.0 1.089303
 1299.0 1.134258
 1300.0 1.085939
 1301.0 1.13701
 1302.0 1.085633
 1303.0 1.130893
 1304.0 1.106734
 1305.0 1.099395
 1306.0 1.086857
 1307.0 1.102759
 1308.0 1.114074
 1309.0 1.107346
 1310.0 1.136093
 1311.0 1.121719
 1312.0 1.138845
 1313.0 1.130588
 1314.0 1.113768
 1315.0 1.088998
 1316.0 1.043737
 1317.0 1.063309
 1318.0 1.087163
 1319.0 1.081352
 1320.0 1.096031
 1321.0 1.148325
 1322.0 1.148325
 1323.0 1.21591
 1324.0 1.214074
 1325.0 1.21652
 1326.0 1.245879
 1327.0 1.240374
 1328.0 1.21591
 1329.0 1.232424
 1330.0 1.224472
 1331.0 1.169426
 1332.0 1.15964
 1333.0 1.117438
 1334.0 1.129058
 1335.0 1.151383
 1336.0 1.095114
 1337.0 1.097866
 1338.0 1.100924
 1339.0 1.135481
 1340.0 1.161475
 1341.0 1.171566
 1342.0 1.150159
 1343.0 1.157805
 1344.0 1.178906
 1345.0 1.189305
 1346.0 1.154747
 1347.0 1.134563
 1348.0 1.140985
 1349.0 1.11224
 1350.0 1.125695
 1351.0 1.116214
 1352.0 1.161475
 1353.0 1.143432
 1354.0 1.150772
 1355.0 1.169731
 1356.0 1.165144
 1357.0 1.169426
 1358.0 1.17279
 1359.0 1.246185
 1360.0 1.27065
 1361.0 1.268815
 1362.0 1.320803
 1363.0 1.334258
 1364.0 1.323861
 1365.0 1.345574
 1366.0 1.339763
 1367.0 1.334258
 1368.0 1.345267
 1369.0 1.339458
 1370.0 1.304288
 1371.0 1.307347
 1372.0 1.320803
 1373.0 1.32172
 1374.0 1.306124
 1375.0 1.314687
 1376.0 1.304288
 1377.0 1.340069
 1378.0 1.326614
 1379.0 1.345574
 1380.0 1.409795
 1381.0 1.458112
 1382.0 1.414382
 1383.0 1.441905
 1384.0 1.41591
 1385.0 1.401537
 1386.0 1.40276
 1387.0 1.398785
 1388.0 1.399702
 1389.0 1.408571
 1390.0 1.398785
 1391.0 1.401843
 1392.0 1.424167
 1393.0 1.433954
 1394.0 1.414688
 1395.0 1.413463
 1396.0 1.492364
 1397.0 1.488693
 1398.0 1.522333
 1399.0 1.569122
 1400.0 1.571874
 1401.0 1.554138
 1402.0 1.517135
 1403.0 1.525085
 1404.0 1.566065
 1405.0 1.609795
 1406.0 1.626615
 1407.0 1.593587
 1408.0 1.587165
 1409.0 1.626921
 1410.0 1.646493
 1411.0 1.63426
 1412.0 1.562089
 1413.0 1.600621
 1414.0 1.63946
 1415.0 1.664842
 1416.0 1.643741
 1417.0 1.614077
 1418.0 1.581049
 1419.0 1.568817
 1420.0 1.540376
 1421.0 1.577685
 1422.0 1.506125
 1423.0 1.643435
 1424.0 1.651386
 1425.0 1.63426
 1426.0 1.596646
 1427.0 1.680132
 1428.0 1.71683
 1429.0 1.702151
 1430.0 1.736708
 1431.0 1.715606
 1432.0 1.744047
 1433.0 1.694506
 1434.0 1.665759
 1435.0 1.761173
 1436.0 1.75842
 1437.0 1.833344
 1438.0 1.89145
 1439.0 1.870042
 1440.0 1.841906
 1441.0 1.831816
 1442.0 1.838238
 1443.0 1.870959
 1444.0 1.881968
 1445.0 1.879216
 1446.0 1.904599
 1447.0 1.986251
 1448.0 1.973101
 1449.0 1.974323
 1450.0 1.986556
 1451.0 2.034262
 1452.0 2.052306
 1453.0 2.120502
 1454.0 2.130288
 1455.0 2.082581
 1456.0 2.074019
 1457.0 2.189615
 1458.0 2.221114
 1459.0 2.196343
 1460.0 2.264539
 1461.0 2.26148
 1462.0 2.265456
 1463.0 2.273102
 1464.0 2.290839
 1465.0 2.29298
 1466.0 2.202154
 1467.0 2.207352
 1468.0 2.174631
 1469.0 2.182887
 1470.0 2.205212
 1471.0 2.247719
 1472.0 2.263621
 1473.0 2.243133
 1474.0 2.270044
 1475.0 2.24986
 1476.0 2.185029
 1477.0 2.198484
 1478.0 2.285946
 1479.0 2.292674
 1480.0 2.274632
 1481.0 2.333347
 1482.0 2.325701
 1483.0 2.472797
 1484.0 2.565765
 1485.0 2.577691
 1486.0 2.617447
 1487.0 2.590535
 1488.0 2.522645
 1489.0 2.417139
 1490.0 2.326926
 1491.0 2.375244
 1492.0 2.325396
 1493.0 2.269126
 1494.0 2.21194
 1495.0 2.202765
 1496.0 2.293591
 1497.0 2.309188
 1498.0 2.306435
 1499.0 2.204906
 1500.0 2.197261
 1501.0 2.058115
 1502.0 2.06729
 1503.0 2.104293
 1504.0 1.986251
 1505.0 2.058422
 1506.0 1.97891
 1507.0 2.068514
 1508.0 2.116832
 1509.0 2.158117
 1510.0 2.149554
 1511.0 2.11255
 1512.0 2.181053
 1513.0 2.194203
 1514.0 2.185334
 1515.0 2.17096
 1516.0 2.094507
 1517.0 2.113162
 1518.0 2.128759
 1519.0 2.07096
 1520.0 2.002458
 1521.0 2.02784
 1522.0 2.007962
 1523.0 1.955057
 1524.0 1.932428
 1525.0 2.008575
 1526.0 2.058728
 1527.0 2.025394
 1528.0 1.966678
 1529.0 1.977382
 1530.0 1.956892
 1531.0 1.890226
 1532.0 1.885944
 1533.0 1.839767
 1534.0 1.83365
 1535.0 1.819888
 1536.0 1.795424
 1537.0 1.906127
 1538.0 1.918972
 1539.0 1.918054
 1540.0 1.915914
 1541.0 1.870654
 1542.0 2.055365
 1543.0 2.178607
 1544.0 2.134264
 1545.0 2.100013
 1546.0 2.079217
 1547.0 2.040073
 1548.0 2.032734
 1549.0 1.981969
 1550.0 2.025089
 1551.0 2.007657
 1552.0 2.068208
 1553.0 2.050165
 1554.0 2.010714
 1555.0 2.023559
 1556.0 2.084111
 1557.0 2.121114
 1558.0 2.152612
 1559.0 2.128453
 1560.0 2.190227
 1561.0 2.175548
 1562.0 2.175242
 1563.0 2.198484
 1564.0 2.198484
 1565.0 2.172184
 1566.0 2.159034
 1567.0 2.084111
 1568.0 2.070348
 1569.0 2.073101
 1570.0 1.987168
 1571.0 1.99573
 1572.0 1.932122
 1573.0 1.972795
 1574.0 1.938237
 1575.0 1.931204
 1576.0 1.937014
 1577.0 1.967289
 1578.0 1.943437
 1579.0 1.872183
 1580.0 1.82784
 1581.0 1.901234
 1582.0 1.885639
 1583.0 1.834873
 1584.0 1.82631
 1585.0 1.790837
 1586.0 1.858115
 1587.0 1.811631
 1588.0 1.743129
 1589.0 1.783802
 1590.0 1.761784
 1591.0 1.815913
 1592.0 1.760255
 1593.0 1.749246
 1594.0 1.757503
 1595.0 1.76943
 1596.0 1.822029
 1597.0 1.799093
 1598.0 1.803987
 1599.0 1.756279
 1600.0 1.71316
 1601.0 1.803374
 1602.0 1.751386
 1603.0 1.772182
 1604.0 1.743129
 1605.0 1.705515
 1606.0 1.694199
 1607.0 1.681967
 1608.0 1.701845
 1609.0 1.619582
 1610.0 1.597869
 1611.0 1.54955
 1612.0 1.601538
 1613.0 1.617747
 1614.0 1.654444
 1615.0 1.850164
 1616.0 1.856891
 1617.0 1.878298
 1618.0 1.893895
 1619.0 1.953222
 1620.0 1.938849
 1621.0 2.005822
 1622.0 2.0783
 1623.0 2.054446
 1624.0 2.084416
 1625.0 2.128147
 1626.0 2.088697
 1627.0 2.055365
 1628.0 1.981051
 1629.0 1.94466
 1630.0 1.959339
 1631.0 1.946494
 1632.0 1.955364
 1633.0 2.032122
 1634.0 2.078912
 1635.0 2.066985
 1636.0 2.076771
 1637.0 2.035487
 1638.0 2.067902
 1639.0 2.058422
 1640.0 2.073713
 1641.0 2.102459
 1642.0 2.04833
 1643.0 2.03304
 1644.0 2.047719
 1645.0 2.074935
 1646.0 2.091143
 1647.0 2.185945
 1648.0 2.141603
 1649.0 2.226313
 1650.0 2.21775
 1651.0 2.217138
 1652.0 2.221114
 1653.0 2.269126
 1654.0 2.26821
 1655.0 2.266069
 1656.0 2.259646
 1657.0 2.255977
 1658.0 2.301542
 1659.0 2.282887
 1660.0 2.232429
 1661.0 2.316527
 1662.0 2.373408
 1663.0 2.336711
 1664.0 2.35506
 1665.0 2.354143
 1666.0 2.289309
 1667.0 2.265456
 1668.0 2.305212
 1669.0 2.288393
 1670.0 2.269738
 1671.0 2.282277
 1672.0 2.2572
 1673.0 2.239462
 1674.0 2.301542
 1675.0 2.294204
 1676.0 2.305824
 1677.0 2.271878
 1678.0 2.279219
 1679.0 2.415611
 1680.0 2.444968
 1681.0 2.491147
 1682.0 2.478608
 1683.0 2.497874
 1684.0 2.51347
 1685.0 2.459036
 1686.0 2.459341
 1687.0 2.479525
 1688.0 2.420809
 1689.0 2.415305
 1690.0 2.394203
 1691.0 2.437629
 1692.0 2.462093
 1693.0 2.521421
 1694.0 2.548639
 1695.0 2.54191
 1696.0 2.579526
 1697.0 2.599403
 1698.0 2.570351
 1699.0 2.618058
 1700.0 2.625397
 1701.0 2.644358
 1702.0 2.709496
 1703.0 2.761791
 1704.0 2.802158
 1705.0 2.738243
 1706.0 2.807662
 1707.0 2.807355
 1708.0 2.803074
 1709.0 2.792678
 1710.0 2.786561
 1711.0 2.791149
 1712.0 2.747111
 1713.0 2.661789
 1714.0 2.6991
 1715.0 2.714083
 1716.0 2.634267
 1717.0 2.723257
 1718.0 2.707967
 1719.0 2.682585
 1720.0 2.613777
 1721.0 2.639465
 1722.0 2.592064
 1723.0 2.535184
 1724.0 2.513776
 1725.0 2.492675
 1726.0 2.492981
 1727.0 2.473103
 1728.0 2.594511
 1729.0 2.562706
 1730.0 2.619587
 1731.0 2.600933
 1732.0 2.613777
 1733.0 2.830903
 1734.0 2.966378
 1735.0 2.929681
 1736.0 2.893595
 1737.0 2.969435
 1738.0 2.903687
 1739.0 2.723869
 1740.0 2.706438
 1741.0 2.654144
 1742.0 2.62081
 1743.0 2.651392
 1744.0 2.63763
 1745.0 2.611024
 1746.0 2.62815
 1747.0 2.616223
 1748.0 2.621727
 1749.0 2.591453
 1750.0 2.591758
 1751.0 2.566988
 1752.0 2.57341
 1753.0 2.634573
 1754.0 2.63549
 1755.0 2.546499
 1756.0 2.595734
 1757.0 2.59023
 1758.0 2.608578
 1759.0 2.605826
 1760.0 2.594205
 1761.0 2.626926
 1762.0 2.727845
 1763.0 2.737326
 1764.0 2.723869
 1765.0 2.706743
 1766.0 2.566682
 1767.0 2.587478
 1768.0 2.662402
 1769.0 2.611942
 1770.0 2.639771
 1771.0 2.696958
 1772.0 2.682585
 1773.0 2.691147
 1774.0 2.69023
 1775.0 2.748335
 1776.0 2.703379
 1777.0 2.75231
 1778.0 2.73916
 1779.0 2.739772
 1780.0 2.786867
 1781.0 2.79757
 1782.0 2.870659
 1783.0 2.873411
 1784.0 2.859956
 1785.0 2.93121
 1786.0 2.919283
 1787.0 2.851393
 1788.0 2.86699
 1789.0 2.841301
 1790.0 2.863931
 1791.0 2.889926
 1792.0 2.882891
 1793.0 2.895431
 1794.0 2.863931
 1795.0 2.88228
 1796.0 2.831515
 1797.0 2.819282
 1798.0 2.759649
 1799.0 2.796041
 1800.0 2.763014
 1801.0 2.764541
 1802.0 2.760567
 1803.0 2.781974
 1804.0 2.85965
 1805.0 2.851393
 1806.0 2.915919
 1807.0 3.022648
 1808.0 3.055675
 1809.0 3.052006
 1810.0 3.041913
 1811.0 3.07005
 1812.0 3.070354
 1813.0 3.082892
 1814.0 3.178001
 1815.0 3.212863
 1816.0 3.268521
 1817.0 3.282588
 1818.0 3.325401
 1819.0 3.344362
 1820.0 3.288093
 1821.0 3.282588
 1822.0 3.346808
 1823.0 3.364546
 1824.0 3.424485
 1825.0 3.472191
 1826.0 3.452315
 1827.0 3.385035
 1828.0 3.474638
 1829.0 3.496963
 1830.0 3.632131
 1831.0 3.706137
 1832.0 3.620817
 1833.0 3.710419
 1834.0 3.751398
 1835.0 3.781062
 1836.0 3.794213
 1837.0 3.807056
 1838.0 3.675557
 1839.0 3.681368
 1840.0 3.593293
 1841.0 3.63152
 1842.0 3.685037
 1843.0 3.825405
 1844.0 3.781673
 1845.0 3.717147
 1846.0 3.789013
 1847.0 3.761491
 1848.0 3.741307
 1849.0 3.659043
 1850.0 3.727545
 1851.0 3.686872
 1852.0 3.732132
 1853.0 3.708279
 1854.0 3.889014
 1855.0 4.059655
 1856.0 4.045896
 1857.0 3.985651
 1858.0 4.047424
 1859.0 4.048646
 1860.0 4.100024
 1861.0 4.211951
 1862.0 4.223267
 1863.0 4.248038
 1864.0 4.223879
 1865.0 4.281372
 1866.0 4.39605
 1867.0 4.394523
 1868.0 4.125101
 1869.0 4.197579
 1870.0 4.464858
 1871.0 4.399109
 1872.0 4.325102
 1873.0 4.029381
 1874.0 4.128466
 1875.0 4.174032
 1876.0 4.032135
 1877.0 4.13611
 1878.0 4.129383
 1879.0 4.098189
 1880.0 3.865161
 1881.0 3.822652
 1882.0 3.907974
 1883.0 3.792989
 1884.0 3.666689
 1885.0 3.579531
 1886.0 3.732745
 1887.0 3.737636
 1888.0 3.901245
 1889.0 4.052318
 1890.0 4.00828
 1891.0 4.137638
 1892.0 4.044366
 1893.0 3.87831
 1894.0 4.10033
 1895.0 4.166692
 1896.0 4.234888
 1897.0 4.408588
 1898.0 4.182286
 1899.0 4.128771
 1900.0 4.029687
 1901.0 4.180758
 1902.0 4.143447
 1903.0 4.18504
 1904.0 4.195745
 1905.0 4.244978
 1906.0 4.232747
 1907.0 4.309505
 1908.0 4.304917
 1909.0 4.29085
 1910.0 4.408281
 1911.0 4.534583
 1912.0 4.684431
 1913.0 4.671894
 1914.0 4.724798
 1915.0 4.6933
 1916.0 4.781068
 1917.0 4.845595
 1918.0 4.829387
 1919.0 4.77801
 1920.0 4.937337
 1921.0 5.134893
 1922.0 5.133364
 1923.0 5.100643
 1924.0 4.961192
 1925.0 5.114708
 1926.0 5.106452
 1927.0 5.185963
 1928.0 5.282906
 1929.0 5.305842
 1930.0 5.211653
 1931.0 5.332142
 1932.0 5.692999
 1933.0 5.685966
 1934.0 5.589635
 1935.0 5.648351
 1936.0 5.660279
 1937.0 5.718689
 1938.0 5.808904
 1939.0 5.732144
 1940.0 5.745295
 1941.0 5.693612
 1942.0 5.865173
 1943.0 5.69728
 1944.0 5.366087
 1945.0 5.057218
 1946.0 4.702168
 1947.0 5.197585
 1948.0 5.079845
 1949.0 5.024495
 1950.0 5.088408
 1951.0 5.013791
 1952.0 5.163639
 1953.0 5.151712
 1954.0 5.245903
 1955.0 5.276484
 1956.0 5.345903
 1957.0 5.511347
 1958.0 5.635812
 1959.0 5.57251
 1960.0 5.469756
 1961.0 5.49881
 1962.0 5.672818
 1963.0 5.808904
 1964.0 5.941932
 1965.0 5.939177
 1966.0 5.765781
 1967.0 5.836733
 1968.0 5.866395
 1969.0 5.822358
 1970.0 5.639178
 1971.0 5.595752
 1972.0 5.600033
 1973.0 5.72511
 1974.0 5.930003
 1975.0 6.079548
 1976.0 6.084133
 1977.0 6.072514
 1978.0 6.111046
 1979.0 6.057528
 1980.0 5.958444
 1981.0 5.961198
 1982.0 5.506148
 1983.0 5.432449
 1984.0 5.237033
 1985.0 5.486272
 1986.0 5.44407
 1987.0 5.28107
 1988.0 5.467311
 1989.0 5.16945
 1990.0 4.881987
 1991.0 4.920211
 1992.0 4.934586
 1993.0 4.75966
 1994.0 4.252929
 1995.0 4.146813
 1996.0 3.975864
 1997.0 3.975864
 1998.0 4.022654
 1999.0 4.042226
 2000.0 4.139474
 2001.0 4.090238
 2002.0 4.026018
 2003.0 3.955986
 2004.0 3.730909
 2005.0 3.707668
 2006.0 3.837332
 2007.0 3.958739
 2008.0 3.818372
 2009.0 3.95721
 2010.0 3.897882
 2011.0 3.811337
 2012.0 3.736414
 2013.0 3.786566
 2014.0 3.716841
 2015.0 3.653234
 2016.0 3.661796
 2017.0 3.643753
 2018.0 3.760267
 2019.0 3.972807
 2020.0 3.823264
 2021.0 3.722653
 2022.0 3.811031
 2023.0 3.807056
 2024.0 3.698187
 2025.0 3.738554
 2026.0 3.660267
 2027.0 3.89452
 2028.0 3.854151
 2029.0 3.912561
 2030.0 3.87189
 2031.0 3.875556
 2032.0 4.061798
 2033.0 3.965466
 2034.0 4.07556
 2035.0 4.266996
 2036.0 4.311341
 2037.0 4.436111
 2038.0 4.289016
 2039.0 4.37342
 2040.0 4.388405
 2041.0 4.57281
 2042.0 4.510423
 2043.0 4.636418
 2044.0 4.681372
 2045.0 4.767306
 2046.0 4.674034
 2047.0 4.631219
 2048.0 4.726327
 2049.0 4.49972
 2050.0 4.519292
 2051.0 4.537642
 2052.0 4.700336
 2053.0 4.724493
 2054.0 4.9248
 2055.0 5.142537
 2056.0 4.899113
 2057.0 4.981378
 2058.0 5.16639
 2059.0 5.19055
 2060.0 5.267311
 2061.0 5.353242
 2062.0 5.319604
 2063.0 5.504618
 2064.0 5.533367
 2065.0 5.64927
 2066.0 5.708291
 2067.0 5.583825
 2068.0 5.659361
 2069.0 5.610126
 2070.0 5.754163
 2071.0 5.809209
 2072.0 5.696058
 2073.0 5.802175
 2074.0 5.737648
 2075.0 5.614712
 2076.0 5.68505
 2077.0 5.449268
 2078.0 5.414405
 2079.0 5.540399
 2080.0 5.701256
 2081.0 5.718994
 2082.0 5.709208
 2083.0 5.772206
 2084.0 5.691164
 2085.0 5.668841
 2086.0 5.663337
 2087.0 5.793001
 2088.0 5.677099
 2089.0 5.553855
 2090.0 5.677099
 2091.0 5.529392
 2092.0 5.298503
 2093.0 5.271284
 2094.0 5.407983
 2095.0 5.548351
 2096.0 5.466393
 2097.0 5.532142
 2098.0 5.359972
 2099.0 5.295445
 2100.0 5.298197
 2101.0 5.424802
 2102.0 5.145596
 2103.0 5.201559
 2104.0 5.12052
 2105.0 5.341927
 2106.0 5.143149
 2107.0 5.202477
 2108.0 5.356607
 2109.0 5.49086
 2110.0 5.328776
 2111.0 5.401562
 2112.0 5.277707
 2113.0 5.317462
 2114.0 5.187796
 2115.0 5.284743
 2116.0 5.254159
 2117.0 5.050489
 2118.0 5.085351
 2119.0 4.954769
 2120.0 5.084433
 2121.0 4.863331
 2122.0 4.957828
 2123.0 4.721741
 2124.0 4.803698
 2125.0 4.889325
 2126.0 4.860887
 2127.0 4.790854
 2128.0 4.68596
 2129.0 4.912566
 2130.0 5.021131
 2131.0 5.002172
 2132.0 5.185048
 2133.0 5.307676
 2134.0 5.404619
 2135.0 5.483213
 2136.0 5.483826
 2137.0 5.374345
 2138.0 5.363641
 2139.0 5.306759
 2140.0 5.377402
 2141.0 5.330002
 2142.0 5.406454
 2143.0 5.276789
 2144.0 5.310124
 2145.0 5.341623
 2146.0 5.31318
 2147.0 5.184434
 2148.0 5.082293
 2149.0 5.10584
 2150.0 4.930303
 2151.0 4.8985
 2152.0 4.829387
 2153.0 4.63856
 2154.0 4.636418
 2155.0 4.668224
 2156.0 4.554767
 2157.0 4.292381
 2158.0 4.277699
 2159.0 3.909197
 2160.0 4.100636
 2161.0 4.309201
 2162.0 4.007669
 2163.0 3.878922
 2164.0 3.936108
 2165.0 4.03458
 2166.0 3.921736
 2167.0 3.21898
 2168.0 3.475862
 2169.0 3.337022
 2170.0 3.06118
 2171.0 2.968519
 2172.0 3.001241
 2173.0 2.726622
 2174.0 2.745887
 2175.0 2.713778
 2176.0 2.960262
 2177.0 3.371885
 2178.0 3.182893
 2179.0 2.995431
 2180.0 3.115921
 2181.0 2.97861
 2182.0 3.010415
 2183.0 2.797876
 2184.0 2.962403
 2185.0 3.003993
 2186.0 2.947418
 2187.0 2.816225
 2188.0 3.05537
 2189.0 3.197268
 2190.0 3.395738
 2191.0 3.290233
 2192.0 3.270967
 2193.0 3.39421
 2194.0 3.159041
 2195.0 3.030599
 2196.0 3.004298
 2197.0 2.932128
 2198.0 2.898183
 2199.0 2.75598
 2200.0 2.949253
 2201.0 2.759649
 2202.0 2.695428
 2203.0 2.749557
 2204.0 2.638854
 2205.0 2.461483
 2206.0 2.525398
 2207.0 2.842525
 2208.0 2.776775
 2209.0 2.905216
 2210.0 2.833962
 2211.0 2.719587
 2212.0 2.827845
 2213.0 2.932739
 2214.0 2.79543
 2215.0 2.874634
 2216.0 3.04956
 2217.0 3.059956
 2218.0 3.003381
 2219.0 2.905216
 2220.0 3.005217
 2221.0 2.897571
 2222.0 2.918366
 2223.0 2.726622
 2224.0 2.734879
 2225.0 2.75231
 2226.0 2.622035
 2227.0 2.641606
 2228.0 2.600627
 2229.0 2.624175
 2230.0 2.648639
 2231.0 2.638854
 2232.0 2.610107
 2233.0 2.775244
 2234.0 2.892373
 2235.0 2.844665
 2236.0 2.783197
 2237.0 2.834878
 2238.0 2.770046
 2239.0 2.711332
 2240.0 2.68228
 2241.0 2.609495
 2242.0 2.549862
 2243.0 2.517752
 2244.0 2.391451
 2245.0 2.533042
 2246.0 2.702157
 2247.0 2.702157
 2248.0 2.741301
 2249.0 2.774634
 2250.0 2.880751
 2251.0 2.844054
 2252.0 2.756286
 2253.0 2.798487
 2254.0 2.843442
 2255.0 2.860873
 2256.0 2.949864
 2257.0 3.04956
 2258.0 3.134881
 2259.0 2.991761
 2260.0 2.960874
 2261.0 3.035797
 2262.0 3.032434
 2263.0 2.890842
 2264.0 2.885951
 2265.0 2.771882
 2266.0 2.789008
 2267.0 2.659037
 2268.0 2.759955
 2269.0 2.787784
 2270.0 2.727538
 2271.0 2.731209
 2272.0 2.689312
 2273.0 2.702462
 2274.0 2.78809
 2275.0 2.716836
 2276.0 2.608578
 2277.0 2.541605
 2278.0 2.710413
 2279.0 2.834267
 2280.0 2.9465
 2281.0 2.933656
 2282.0 2.91806
 2283.0 3.047725
 2284.0 3.104605
 2285.0 3.107665
 2286.0 3.106746
 2287.0 3.292374
 2288.0 3.2569
 2289.0 3.256594
 2290.0 3.359959
 2291.0 3.267603
 2292.0 3.195432
 2293.0 3.214698
 2294.0 3.323874
 2295.0 3.446809
 2296.0 3.547115
 2297.0 3.622345
 2298.0 3.516841
 2299.0 3.557208
 2300.0 3.656597
 2301.0 3.676475
 2302.0 3.618066
 2303.0 3.597575
 2304.0 3.71409
 2305.0 3.774333
 2306.0 3.685037
 2307.0 3.723569
 2308.0 3.715925
 2309.0 3.834885
 2310.0 3.789013
 2311.0 3.814395
 2312.0 3.789013
 2313.0 3.826936
 2314.0 3.848035
 2315.0 3.891154
 2316.0 4.038862
 2317.0 4.058434
 2318.0 4.052013
 2319.0 3.946813
 2320.0 3.950787
 2321.0 3.962409
 2322.0 3.804915
 2323.0 3.65415
 2324.0 3.75996
 2325.0 3.743752
 2326.0 3.873112
 2327.0 3.897576
 2328.0 3.849258
 2329.0 3.797575
 2330.0 3.746199
 2331.0 3.999412
 2332.0 4.068831
 2333.0 4.130605
 2334.0 4.153236
 2335.0 4.261494
 2336.0 4.265775
 2337.0 4.310423
 2338.0 4.395744
 2339.0 4.424184
 2340.0 4.399109
 2341.0 4.364553
 2342.0 4.289016
 2343.0 4.279841
 2344.0 4.18871
 2345.0 4.161799
 2346.0 4.169751
 2347.0 4.146203
 2348.0 4.155376
 2349.0 4.26547
 2350.0 4.200941
 2351.0 4.098189
 2352.0 4.165774
 2353.0 4.277089
 2354.0 4.355989
 2355.0 4.341615
 2356.0 4.355685
 2357.0 4.367916
 2358.0 4.281982
 2359.0 4.238862
 2360.0 4.140696
 2361.0 4.196355
 2362.0 4.170056
 2363.0 4.236112
 2364.0 4.35293
 2365.0 4.350789
 2366.0 4.491772
 2367.0 4.511342
 2368.0 4.640702
 2369.0 4.676174
 2370.0 4.633359
 2371.0 4.793299
 2372.0 4.826329
 2373.0 4.892689
 2374.0 4.896053
 2375.0 4.892995
 2376.0 4.893913
 2377.0 4.978317
 2378.0 4.996665
 2379.0 5.089633
 2380.0 5.06272
 2381.0 5.049266
 2382.0 5.012568
 2383.0 5.061496
 2384.0 5.037339
 2385.0 4.979541
 2386.0 5.055383
 2387.0 5.150488
 2388.0 5.100336
 2389.0 4.880457
 2390.0 5.01532
 2391.0 5.033668
 2392.0 5.086575
 2393.0 5.174955
 2394.0 5.170061
 2395.0 5.180459
 2396.0 5.119602
 2397.0 5.181988
 2398.0 5.200337
 2399.0 5.144067
 2400.0 5.055075
 2401.0 5.051407
 2402.0 5.093303
 2403.0 5.208289
 2404.0 5.28841
 2405.0 5.233669
 2406.0 5.277094
 2407.0 5.264862
 2408.0 5.312569
 2409.0 5.356607
 2410.0 5.561806
 2411.0 5.643764
 2412.0 5.658137
 2413.0 5.627557
 2414.0 5.641624
 2415.0 5.672818
 2416.0 5.62144
 2417.0 5.577096
 2418.0 5.692694
 2419.0 5.669148
 2420.0 5.668228
 2421.0 5.53092
 2422.0 5.654466
 2423.0 5.688718
 2424.0 5.810737
 2425.0 5.818078
 2426.0 5.788108
 2427.0 5.824805
 2428.0 5.835203
 2429.0 5.811044
 2430.0 5.849882
 2431.0 5.827557
 2432.0 5.750801
 2433.0 5.806151
 2434.0 6.078324
 2435.0 6.266705
 2436.0 6.275266
 2437.0 6.236733
 2438.0 6.192086
 2439.0 6.035816
 2440.0 5.883829
 2441.0 6.004622
 2442.0 5.76456
 2443.0 5.789329
 2444.0 5.772206
 2445.0 5.835203
 2446.0 5.933674
 2447.0 5.943153
 2448.0 6.160893
 2449.0 6.207376
 2450.0 6.215632
 2451.0 6.177102
 2452.0 6.252329
 2453.0 6.318998
 2454.0 6.330312
 2455.0 6.298508
 2456.0 6.13184
 2457.0 6.113798
 2458.0 6.296061
 2459.0 6.252026
 2460.0 6.24438
 2461.0 6.134287
 2462.0 6.113493
 2463.0 6.023585
 2464.0 6.000952
 2465.0 6.008598
 2466.0 5.911963
 2467.0 5.778321
 2468.0 5.806457
 2469.0 6.048967
 2470.0 6.007069
 2471.0 5.953246
 2472.0 6.02389
 2473.0 5.937954
 2474.0 5.964254
 2475.0 5.867314
 2476.0 5.976489
 2477.0 6.062116
 2478.0 6.127254
 2479.0 6.180464
 2480.0 6.392699
 2481.0 6.471292
 2482.0 6.394534
 2483.0 6.472209
 2484.0 6.44438
 2485.0 6.544688
 2486.0 6.556002
 2487.0 6.45172
 2488.0 6.439793
 2489.0 6.482607
 2490.0 6.42542
 2491.0 6.352331
 2492.0 6.441933
 2493.0 6.404626
 2494.0 6.297591
 2495.0 6.576186
 2496.0 6.474962
 2497.0 6.363035
 2498.0 6.047435
 2499.0 6.210129
 2500.0 6.297895
 2501.0 6.357224
 2502.0 6.094531
 2503.0 5.87343
 2504.0 5.95508
 2505.0 5.989638
 2506.0 6.092696
 2507.0 5.873123
 2508.0 5.977404
 2509.0 5.936428
 2510.0 5.999731
 2511.0 5.967008
 2512.0 6.075572
 2513.0 6.127866
 2514.0 6.220222
 2515.0 6.194225
 2516.0 6.205848
 2517.0 6.167314
 2518.0 6.129088
 2519.0 6.026337
 2520.0 6.136428
 2521.0 6.177407
 2522.0 6.25753
 2523.0 6.391168
 2524.0 6.386889
 2525.0 6.401566
 2526.0 6.443768
 2527.0 6.695759
 2528.0 6.699735
 2529.0 6.820223
 2530.0 6.87588
 2531.0 6.896065
 2532.0 6.929705
 2533.0 6.845301
 2534.0 6.863955
 2535.0 6.853864
 2536.0 6.870071
 2537.0 6.796675
 2538.0 6.87313
 2539.0 6.983528
 2540.0 7.014415
 2541.0 6.931234
 2542.0 7.061205
 2543.0 7.106768
 2544.0 7.212579
 2545.0 7.186585
 2546.0 7.216249
 2547.0 7.293317
 2548.0 7.325428
 2549.0 7.357843
 2550.0 7.337964
 2551.0 7.394233
 2552.0 7.409523
 2553.0 7.413805
 2554.0 7.513502
 2555.0 7.612278
 2556.0 7.565796
 2557.0 7.555701
 2558.0 7.479858
 2559.0 7.927265
 2560.0 8.148981
 2561.0 8.282312
 2562.0 8.24164
 2563.0 8.013502
 2564.0 8.000046
 2565.0 8.21534
 2566.0 7.984453
 2567.0 8.145308
 2568.0 7.91075
 2569.0 7.828486
 2570.0 7.530625
 2571.0 7.212886
 2572.0 7.767326
 2573.0 7.844697
 2574.0 8.015035
 2575.0 7.900966
 2576.0 7.762126
 2577.0 7.774359
 2578.0 7.717476
 2579.0 7.594539
 2580.0 7.270994
 2581.0 7.410441
 2582.0 7.546222
 2583.0 7.499128
 2584.0 7.465183
 2585.0 7.747752
 2586.0 7.855704
 2587.0 7.976497
 2588.0 8.071913
 2589.0 8.046532
 2590.0 7.827568
 2591.0 7.674054
 2592.0 7.624814
 2593.0 7.437353
 2594.0 7.660904
 2595.0 7.752645
 2596.0 7.776192
 2597.0 7.941634
 2598.0 8.17283
 2599.0 8.314119
 2600.0 8.381399
 2601.0 8.262126
 2602.0 8.374667
 2603.0 8.286592
 2604.0 8.226351
 2605.0 8.156013
 2606.0 8.204941
 2607.0 7.833991
 2608.0 7.692094
 2609.0 7.598822
 2610.0 7.551727
 2611.0 7.603409
 2612.0 7.910446
 2613.0 7.892706
 2614.0 7.939497
 2615.0 7.868242
 2616.0 7.700352
 2617.0 7.72879
 2618.0 7.689648
 2619.0 7.642248
 2620.0 7.510136
 2621.0 7.703104
 2622.0 7.774968
 2623.0 7.921148
 2624.0 7.949285
 2625.0 7.929099
 2626.0 8.07589
 2627.0 7.980476
 2628.0 7.893319
 2629.0 7.867022
 2630.0 8.007695
 2631.0 8.010139
 2632.0 8.042252
 2633.0 8.003106
 2634.0 7.95387
 2635.0 8.004633
 2636.0 7.933074
 2637.0 7.651114
 2638.0 7.700047
 2639.0 7.61778
 2640.0 7.573132
 2641.0 7.705549
 2642.0 7.739187
 2643.0 7.641635
 2644.0 7.634295
 2645.0 7.516863
 2646.0 7.337353
 2647.0 7.427872
 2648.0 7.348056
 2649.0 7.389033
 2650.0 7.415945
 2651.0 7.434295
 2652.0 7.655395
 2653.0 7.711667
 2654.0 7.913506
 2655.0 7.884146
 2656.0 8.040415
 2657.0 8.045002
 2658.0 8.055399
 2659.0 8.166408
 2660.0 8.1976
 2661.0 8.263658
 2662.0 8.457849
 2663.0 8.421149
 2664.0 8.661519
 2665.0 8.678035
 2666.0 8.799749
 2667.0 8.835525
 2668.0 8.939501
 2669.0 8.904027
 2670.0 8.77253
 2671.0 8.788125
 2672.0 8.677425
 2673.0 8.639808
 2674.0 8.521152
 2675.0 8.836136
 2676.0 8.843783
 2677.0 8.844702
 2678.0 8.993016
 2679.0 9.032466
 2680.0 9.129718
 2681.0 9.178648
 2682.0 9.24501
 2683.0 9.625133
 2684.0 9.724827
 2685.0 9.464584
 2686.0 9.496386
 2687.0 9.465498
 2688.0 9.402809
 2689.0 9.444706
 2690.0 9.420545
 2691.0 9.413817
 2692.0 9.334612
 2693.0 9.204335
 2694.0 9.302194
 2695.0 9.460606
 2696.0 9.565806
 2697.0 9.733089
 2698.0 9.698221
 2699.0 9.74379
 2700.0 9.666114
 2701.0 9.725747
 2702.0 9.683543
 2703.0 9.419934
 2704.0 9.389659
 2705.0 9.222988
 2706.0 9.189656
 2707.0 9.432168
 2708.0 9.380177
 2709.0 9.582931
 2710.0 9.44134
 2711.0 9.62697
 2712.0 9.633084
 2713.0 9.690269
 2714.0 9.515347
 2715.0 9.675899
 2716.0 9.729415
 2717.0 9.707704
 2718.0 9.790579
 2719.0 9.731249
 2720.0 9.816877
 2721.0 9.77865
 2722.0 9.803116
 2723.0 9.837059
 2724.0 9.794859
 2725.0 9.797001
 2726.0 9.824219
 2727.0 9.804645
 2728.0 9.853575
 2729.0 9.91443
 2730.0 9.943789
 2731.0 9.896085
 2732.0 9.929108
 2733.0 9.953267
 2734.0 9.947765
 2735.0 9.897918
 2736.0 9.864278
 2737.0 10.07865
 2738.0 10.131252
 2739.0 10.214129
 2740.0 10.205871
 2741.0 10.278956
 2742.0 10.472539
 2743.0 10.44777
 2744.0 10.532784
 2745.0 10.571317
 2746.0 10.656941
 2747.0 10.417494
 2748.0 10.362142
 2749.0 10.173759
 2750.0 9.991494
 2751.0 10.31963
 2752.0 10.440429
 2753.0 10.515352
 2754.0 10.49578
 2755.0 10.278345
 2756.0 10.376819
 2757.0 10.551439
 2758.0 10.529725
 2759.0 10.502812
 2760.0 10.596395
 2761.0 10.760918
 2762.0 10.862448
 2763.0 10.952971
 2764.0 10.842266
 2765.0 10.91291
 2766.0 10.984163
 2767.0 11.006178
 2768.0 11.104959
 2769.0 10.95725
 2770.0 10.720553
 2771.0 10.35511
 2772.0 10.477736
 2773.0 10.485688
 2774.0 10.647159
 2775.0 10.801592
 2776.0 10.682327
 2777.0 10.768255
 2778.0 10.995781
 2779.0 11.009237
 2780.0 10.867345
 2781.0 10.879578
 2782.0 10.778962
 2783.0 10.601591
 2784.0 10.764283
 2785.0 10.812291
 2786.0 10.563672
 2787.0 10.092109
 2788.0 10.233701
 2789.0 10.112291
 2790.0 10.376206
 2791.0 10.434309
 2792.0 10.372843
 2793.0 10.549603
 2794.0 10.750522
 2795.0 10.716885
 2796.0 10.732783
 2797.0 10.66153
 2798.0 10.657862
 2799.0 10.537065
 2800.0 10.434006
 2801.0 10.363669
 2802.0 10.337675
 2803.0 10.338901
 2804.0 10.246545
 2805.0 10.116268
 2806.0 10.165197
 2807.0 10.279266
 2808.0 10.165808
 2809.0 10.014126
 2810.0 10.148378
 2811.0 10.332174
 2812.0 10.471318
 2813.0 10.724833
 2814.0 10.79548
 2815.0 10.716273
 2816.0 10.708015
 2817.0 10.604041
 2818.0 10.707404
 2819.0 10.589663
 2820.0 10.64838
 2821.0 10.690275
 2822.0 10.604041
 2823.0 10.601289
 2824.0 10.630032
 2825.0 10.686606
 2826.0 10.618715
 2827.0 10.598536
 2828.0 10.412907
 2829.0 10.192719
 2830.0 10.279571
 2831.0 10.393639
 2832.0 10.413824
 2833.0 10.251436
 2834.0 10.226357
 2835.0 10.158775
 2836.0 10.299143
 2837.0 10.244706
 2838.0 10.318409
 2839.0 10.637065
 2840.0 10.566118
 2841.0 10.584162
 2842.0 10.502812
 2843.0 10.337675
 2844.0 10.154188
 2845.0 10.160305
 2846.0 10.13737
 2847.0 9.96642
 2848.0 9.987825
 2849.0 10.16642
 2850.0 9.992416
 2851.0 9.943789
 2852.0 9.793941
 2853.0 9.642871
 2854.0 9.948071
 2855.0 9.865807
 2856.0 10.129418
 2857.0 9.980181
 2858.0 10.154188
 2859.0 10.25266
 2860.0 10.215353
 2861.0 10.265198
 2862.0 10.497309
 2863.0 10.685997
 2864.0 10.757248
 2865.0 10.923614
 2866.0 11.00037
 2867.0 10.825751
 2868.0 10.818107
 2869.0 10.948689
 2870.0 10.941046
 2871.0 11.159699
 2872.0 11.43126
 2873.0 11.524535
 2874.0 11.831875
 2875.0 11.843801
 2876.0 12.027595
 2877.0 12.186617
 2878.0 12.336772
 2879.0 12.005882
 2880.0 11.982331
 2881.0 11.941353
 2882.0 12.133101
 2883.0 11.893344
 2884.0 12.005272
 2885.0 11.540437
 2886.0 11.425753
 2887.0 10.801592
 2888.0 11.437683
 2889.0 11.122083
 2890.0 11.428202
 2891.0 11.528814
 2892.0 11.725144
 2893.0 11.635545
 2894.0 11.634317
 2895.0 11.194255
 2896.0 10.88783
 2897.0 10.90037
 2898.0 11.425144
 2899.0 11.504043
 2900.0 11.428814
 2901.0 11.730346
 2902.0 11.925756
 2903.0 11.92637
 2904.0 11.76857
 2905.0 11.652361
 2906.0 11.438904
 2907.0 11.612914
 2908.0 11.741047
 2909.0 11.74747
 2910.0 11.543803
 2911.0 11.619032
 2912.0 11.762148
 2913.0 11.905269
 2914.0 12.017196
 2915.0 12.247778
 2916.0 12.588147
 2917.0 12.643806
 2918.0 12.603745
 2919.0 12.288143
 2920.0 12.363987
 2921.0 12.329429
 2922.0 12.209857
 2923.0 12.14105
 2924.0 11.944105
 2925.0 11.661233
 2926.0 11.455724
 2927.0 11.391505
 2928.0 11.56735
 2929.0 11.540437
 2930.0 11.308933
 2931.0 11.890285
 2932.0 12.241355
 2933.0 12.299461
 2934.0 12.490291
 2935.0 12.905278
 2936.0 12.843807
 2937.0 12.912617
 2938.0 12.190285
 2939.0 12.089063
 2940.0 12.014444
 2941.0 12.408942
 2942.0 12.164291
 2943.0 12.250838
 2944.0 12.375914
 2945.0 12.383864
 2946.0 12.378664
 2947.0 12.12576
 2948.0 12.153284
 2949.0 12.326373
 2950.0 12.239827
 2951.0 12.224232
 2952.0 12.423011
 2953.0 12.088143
 2954.0 11.780495
 2955.0 11.762148
 2956.0 11.598233
 2957.0 11.890897
 2958.0 11.766735
 2959.0 11.54166
 2960.0 11.466123
 2961.0 11.284777
 2962.0 11.514136
 2963.0 11.223002
 2964.0 11.118413
 2965.0 11.50221
 2966.0 11.41291
 2967.0 11.688143
 2968.0 11.863369
 2969.0 11.917503
 2970.0 12.018723
 2971.0 11.955728
 2972.0 11.898846
 2973.0 11.946856
 2974.0 12.037379
 2975.0 11.982944
 2976.0 11.890285
 2977.0 11.626676
 2978.0 11.588448
 2979.0 11.652055
 2980.0 11.688449
 2981.0 12.108633
 2982.0 12.123923
 2983.0 12.188145
 2984.0 12.334321
 2985.0 12.432183
 2986.0 12.313219
 2987.0 12.389061
 2988.0 12.385394
 2989.0 12.575914
 2990.0 12.643497
 2991.0 12.783866
 2992.0 12.91751
 2993.0 12.897021
 2994.0 12.943195
 2995.0 12.922096
 2996.0 12.886619
 2997.0 12.838302
 2998.0 12.987848
 2999.0 13.122706
 3000.0 13.081117
 3001.0 12.853286
 3002.0 13.070721
 3003.0 12.85665
 3004.0 13.659409
 3005.0 13.59733
 3006.0 13.678368
 3007.0 13.8536
 3008.0 13.959714
 3009.0 13.950846
 3010.0 13.918128
 3011.0 14.057576
 3012.0 14.188769
 3013.0 14.337395
 3014.0 14.577458
 3015.0 15.081741
 3016.0 15.089386
 3017.0 15.37012
 3018.0 15.579907
 3019.0 15.219355
 3020.0 15.358198
 3021.0 15.355441
 3022.0 15.744742
 3023.0 15.689393
 3024.0 15.791835
 3025.0 15.975933
 3026.0 16.078381
 3027.0 16.373499
 3028.0 16.588472
 3029.0 16.650553
 3030.0 16.672274
 3031.0 16.304688
 3032.0 16.215992
 3033.0 16.229145
 3034.0 16.57472
 3035.0 16.671965
 3036.0 16.880833
 3037.0 17.373186
 3038.0 18.030075
 3039.0 17.907143
 3040.0 17.907444
 3041.0 18.382372
 3042.0 18.531004
 3043.0 18.425179
 3044.0 18.328556
 3045.0 18.227934
 3046.0 18.56218
 3047.0 18.791548
 3048.0 18.887577
 3049.0 18.650259
 3050.0 18.33497
 3051.0 18.918459
 3052.0 19.245373
 3053.0 19.092161
 3054.0 19.378708
 3055.0 19.456694
 3056.0 19.218454
 3057.0 19.149958
 3058.0 19.045067
 3059.0 18.508671
 3060.0 17.741083
 3061.0 18.645376
 3062.0 18.603781
 3063.0 17.964632
 3064.0 17.522427
 3065.0 17.483282
 3066.0 17.134041
 3067.0 18.654543
 3068.0 18.5842
 3069.0 18.440472
 3070.0 17.85882
 3071.0 17.802244
 3072.0 17.919985
 3073.0 17.792767
 3074.0 17.286037
 3075.0 17.415398
 3076.0 17.375641
 3077.0 17.406216
 3078.0 17.447201
 3079.0 17.330687
 3080.0 17.071049
 3081.0 16.916611
 3082.0 16.699789
 3083.0 16.211721
 3084.0 16.219666
 3085.0 17.164629
 3086.0 17.032822
 3087.0 17.448421
 3088.0 17.288179
 3089.0 17.195522
 3090.0 17.500711
 3091.0 17.711718
 3092.0 17.667688
 3093.0 17.155756
 3094.0 17.256678
 3095.0 17.21203
 3096.0 17.475943
 3097.0 17.4839
 3098.0 17.746895
 3099.0 17.467083
 3100.0 17.619677
 3101.0 17.497355
 3102.0 17.478081
 3103.0 17.557598
 3104.0 17.913862
 3105.0 17.963718
 3106.0 17.912645
 3107.0 17.665854
 3108.0 17.801329
 3109.0 17.45484
 3110.0 17.493374
 3111.0 17.568913
 3112.0 17.402241
 3113.0 17.859432
 3114.0 18.119982
 3115.0 18.330688
 3116.0 18.652716
 3117.0 18.528553
 3118.0 18.773504
 3119.0 18.599804
 3120.0 18.484211
 3121.0 18.315092
 3122.0 18.500719
 3123.0 18.560053
 3124.0 18.560963
 3125.0 18.540169
 3126.0 18.786665
 3127.0 18.480238
 3128.0 18.46586
 3129.0 18.376865
 3130.0 17.583282
 3131.0 17.580532
 3132.0 17.894905
 3133.0 18.196739
 3134.0 18.677782
 3135.0 18.556988
 3136.0 18.58696
 3137.0 18.828857
 3138.0 19.038336
 3139.0 18.988186
 3140.0 18.956078
 3141.0 19.064186
 3142.0 19.093973
 3143.0 19.348886
 3144.0 19.400789
 3145.0 19.374374
 3146.0 19.543608
 3147.0 19.905094
 3148.0 20.428438
 3149.0 20.149248
 3150.0 20.542686
 3151.0 20.351038
 3152.0 20.369156
 3153.0 20.751842
 3154.0 20.724812
 3155.0 20.683966
 3156.0 20.38912
 3157.0 20.431202
 3158.0 20.730034
 3159.0 20.584457
 3160.0 20.769958
 3161.0 20.898031
 3162.0 20.354418
 3163.0 20.288382
 3164.0 20.57094
 3165.0 20.976036
 3166.0 21.230957
 3167.0 21.492008
 3168.0 21.557425
 3169.0 21.563267
 3170.0 21.458839
 3171.0 21.501526
 3172.0 21.2159
 3173.0 20.686113
 3174.0 20.429354
 3175.0 20.925051
 3176.0 20.488319
 3177.0 20.25153
 3178.0 20.310495
 3179.0 20.621922
 3180.0 20.479113
 3181.0 20.042681
 3182.0 19.599808
 3183.0 19.528557
 3184.0 19.683964
 3185.0 19.290529
 3186.0 19.339987
 3187.0 19.495081
 3188.0 19.956686
 3189.0 19.797594
 3190.0 19.429968
 3191.0 18.729725
 3192.0 19.472662
 3193.0 18.837833
 3194.0 18.944407
 3195.0 18.720512
 3196.0 18.55036
 3197.0 18.283781
 3198.0 18.321245
 3199.0 17.714983
 3200.0 17.955156
 3201.0 17.900797
 3202.0 17.215862
 3203.0 16.591093
 3204.0 16.878336
 3205.0 16.74782
 3206.0 16.749979
 3207.0 16.564245
 3208.0 16.216845
 3209.0 16.280407
 3210.0 17.454353
 3211.0 17.305645
 3212.0 17.330019
 3213.0 17.632372
 3214.0 18.188658
 3215.0 18.042103
 3216.0 17.985331
 3217.0 18.183407
 3218.0 18.057522
 3219.0 18.085602
 3220.0 17.766582
 3221.0 16.62318
 3222.0 16.883884
 3223.0 16.452257
 3224.0 16.346437
 3225.0 16.703394
 3226.0 16.629652
 3227.0 16.342413
 3228.0 15.728445
 3229.0 16.007359
 3230.0 16.472315
 3231.0 16.238132
 3232.0 16.096834
 3233.0 16.022785
 3234.0 16.048698
 3235.0 15.827488
 3236.0 15.891041
 3237.0 15.722275
 3238.0 16.418932
 3239.0 16.939106
 3240.0 16.725294
 3241.0 16.259417
 3242.0 16.163784
 3243.0 16.207279
 3244.0 15.953985
 3245.0 16.151749
 3246.0 16.052706
 3247.0 15.480391
 3248.0 14.991995
 3249.0 15.614291
 3250.0 15.509078
 3251.0 15.426399
 3252.0 15.573571
 3253.0 15.858645
 3254.0 13.899182
 3255.0 13.571528
 3256.0 13.878511
 3257.0 14.138911
 3258.0 14.094484
 3259.0 14.053142
 3260.0 13.995447
 3261.0 13.64681
 3262.0 14.125647
 3263.0 14.110525
 3264.0 14.530088
 3265.0 14.739869
 3266.0 14.893486
 3267.0 14.520156
 3268.0 14.492538
 3269.0 14.479503
 3270.0 14.279966
 3271.0 14.274687
 3272.0 13.928987
 3273.0 13.842404
 3274.0 13.989812
 3275.0 13.741244
 3276.0 13.932712
 3277.0 13.796162
 3278.0 13.697794
 3279.0 13.358606
 3280.0 13.03525
 3281.0 13.379396
 3282.0 13.20934
 3283.0 13.362023
 3284.0 13.397398
 3285.0 13.588249
 3286.0 13.2953
 3287.0 13.292818
 3288.0 13.421605
 3289.0 13.767928
 3290.0 14.142179
 3291.0 14.104013
 3292.0 14.029222
 3293.0 14.049393
 3294.0 14.334276
 3295.0 14.386095
 3296.0 14.310377
 3297.0 14.029222
 3298.0 13.736897
 3299.0 13.310195
 3300.0 13.337506
 3301.0 13.405775
 3302.0 13.273268
 3303.0 13.133002
 3304.0 13.226406
 3305.0 13.250305
 3306.0 13.520598
 3307.0 13.478396
 3308.0 13.337814
 3309.0 13.029039
 3310.0 13.227341
 3311.0 12.499935
 3312.0 12.166338
 3313.0 12.119166
 3314.0 12.37177
 3315.0 12.603273
 3316.0 12.582481
 3317.0 12.673098
 3318.0 12.946805
 3319.0 13.347748
 3320.0 13.740619
 3321.0 13.632314
 3322.0 13.825649
 3323.0 13.964054
 3324.0 14.297034
 3325.0 14.233416
 3326.0 14.39417
 3327.0 14.268589
 3328.0 14.149886
 3329.0 14.205173
 3330.0 13.865305
 3331.0 13.39642
 3332.0 13.575419
 3333.0 13.534183
 3334.0 13.836255
 3335.0 13.734106
 3336.0 13.7869
 3337.0 13.811577
 3338.0 13.905607
 3339.0 13.789708
 3340.0 13.899354
 3341.0 14.106462
 3342.0 14.048675
 3343.0 14.079599
 3344.0 14.035556
 3345.0 13.904353
 3346.0 13.696624
 3347.0 13.80127
 3348.0 13.710053
 3349.0 13.669757
 3350.0 13.500759
 3351.0 13.618523
 3352.0 13.43391
 3353.0 13.494826
 3354.0 13.487638
 3355.0 13.213681
 3356.0 13.021255
 3357.0 12.916918
 3358.0 12.574553
 3359.0 12.577365
 3360.0 12.434917
 3361.0 12.300907
 3362.0 12.386812
 3363.0 12.783222
 3364.0 13.072797
 3365.0 13.144958
 3366.0 13.039371
 3367.0 12.965338
 3368.0 13.193378
 3369.0 13.142771
 3370.0 13.347692
 3371.0 13.323325
 3372.0 13.352377
 3373.0 13.438597
 3374.0 13.442031
 3375.0 13.487326
 3376.0 13.274596
 3377.0 13.31708
 3378.0 13.088418
 3379.0 13.760657
 3380.0 13.69787
 3381.0 13.775654
 3382.0 13.988073
 3383.0 14.160815
 3384.0 14.136138
 3385.0 14.265779
 3386.0 14.448831
 3387.0 14.664685
 3388.0 14.533489
 3389.0 14.525057
 3390.0 14.496124
 3391.0 14.289849
 3392.0 14.695803
 3393.0 15.394175
 3394.0 15.674975
 3395.0 15.656413
 3396.0 15.795403
 3397.0 15.965513
 3398.0 15.755782
 3399.0 15.796347
 3400.0 15.815211
 3401.0 15.754213
 3402.0 15.815526
 3403.0 15.363356
 3404.0 15.435994
 3405.0 15.461153
 3406.0 15.320281
 3407.0 15.363047
 3408.0 15.680943
 3409.0 15.573405
 3410.0 15.666166
 3411.0 15.916149
 3412.0 15.553593
 3413.0 14.706805
 3414.0 14.863389
 3415.0 14.618443
 3416.0 14.153695
 3417.0 14.317204
 3418.0 14.611526
 3419.0 14.851134
 3420.0 14.697368
 3421.0 15.427824
 3422.0 15.379394
 3423.0 15.141357
 3424.0 15.288835
 3425.0 15.179727
 3426.0 14.991059
 3427.0 15.343542
 3428.0 15.393863
 3429.0 15.200473
 3430.0 15.188529
 3431.0 15.336942
 3432.0 15.122811
 3433.0 15.300475
 3434.0 15.396374
 3435.0 15.496052
 3436.0 15.597616
 3437.0 15.680629
 3438.0 15.757034
 3439.0 15.863635
 3440.0 16.001677
 3441.0 16.393785
 3442.0 16.346931
 3443.0 16.506987
 3444.0 16.725527
 3445.0 16.538429
 3446.0 16.661694
 3447.0 16.246624
 3448.0 16.505106
 3449.0 16.435917
 3450.0 16.351971
 3451.0 16.563271
 3452.0 16.522392
 3453.0 16.47559
 3454.0 16.208963
 3455.0 16.464199
 3456.0 16.416441
 3457.0 16.446802
 3458.0 16.466415
 3459.0 16.704569
 3460.0 16.604315
 3461.0 16.403162
 3462.0 16.432257
 3463.0 16.288347
 3464.0 16.482546
 3465.0 16.440163
 3466.0 16.564775
 3467.0 16.870293
 3468.0 17.26755
 3469.0 17.587303
 3470.0 17.434227
 3471.0 17.911489
 3472.0 17.869743
 3473.0 17.961466
 3474.0 17.712231
 3475.0 17.914967
 3476.0 17.887142
 3477.0 17.754618
 3478.0 17.72868
 3479.0 17.535437
 3480.0 17.632538
 3481.0 17.553144
 3482.0 17.41968
 3483.0 17.220106
 3484.0 17.364328
 3485.0 18.030725
 3486.0 17.954187
 3487.0 17.834951
 3488.0 17.714449
 3489.0 17.538279
 3490.0 17.743862
 3491.0 17.494318
 3492.0 17.110039
 3493.0 17.203342
 3494.0 17.080311
 3495.0 17.188473
 3496.0 16.968979
 3497.0 16.855749
 3498.0 16.943996
 3499.0 17.281151
 3500.0 17.628101
 3501.0 17.529743
 3502.0 17.100235
 3503.0 17.365908
 3504.0 17.443083
 3505.0 17.590782
 3506.0 17.271025
 3507.0 17.411137
 3508.0 16.01951
 3509.0 15.83765
 3510.0 15.806972
 3511.0 15.832905
 3512.0 15.86232
 3513.0 16.09194
 3514.0 16.21212
 3515.0 16.30662
 3516.0 16.534746
 3517.0 16.830969
 3518.0 17.05274
 3519.0 17.051464
 3520.0 17.322227
 3521.0 17.308226
 3522.0 17.371859
 3523.0 17.097597
 3524.0 16.899698
 3525.0 16.711971
 3526.0 16.785151
 3527.0 16.610474
 3528.0 16.460617
 3529.0 16.788975
 3530.0 16.743475
 3531.0 16.791836
 3532.0 16.902559
 3533.0 16.938189
 3534.0 16.886969
 3535.0 16.87711
 3536.0 16.892384
 3537.0 17.05687
 3538.0 17.07342
 3539.0 16.883785
 3540.0 16.694159
 3541.0 16.759384
 3542.0 16.907648
 3543.0 16.903196
 3544.0 16.821743
 3545.0 16.954418
 3546.0 17.155504
 3547.0 17.340048
 3548.0 17.174278
 3549.0 17.100468
 3550.0 17.081369
 3551.0 17.077553
 3552.0 17.233774
 3553.0 17.262409
 3554.0 17.142778
 3555.0 16.921009
 3556.0 16.65534
 3557.0 16.65439
 3558.0 16.873289
 3559.0 16.655659
 3560.0 16.532526
 3561.0 16.598385
 3562.0 16.480026
 3563.0 16.51343
 3564.0 16.70211
 3565.0 16.900333
 3566.0 16.917194
 3567.0 16.696068
 3568.0 18.06484
 3569.0 18.197523
 3570.0 18.902269
 3571.0 18.846273
 3572.0 18.774996
 3573.0 18.819225
 3574.0 18.854218
 3575.0 19.120852
 3576.0 18.912451
 3577.0 18.846273
 3578.0 18.812683
 3579.0 18.734287
 3580.0 18.967529
 3581.0 18.997288
 3582.0 19.000803
 3583.0 18.839233
 3584.0 19.11727
 3585.0 19.343794
 3586.0 19.34763
 3587.0 19.398823
 3588.0 19.429533
 3589.0 19.649025
 3590.0 20.016966
 3591.0 19.96513
 3592.0 20.328913
 3593.0 20.252768
 3594.0 20.113586
 3595.0 20.398018
 3596.0 20.630945
 3597.0 20.711887
 3598.0 20.654938
 3599.0 20.985447
 3600.0 21.108629
 3601.0 21.021286
 3602.0 20.669662
 3603.0 20.443459
 3604.0 20.649504
 3605.0 20.622625
 3606.0 20.645023
 3607.0 20.573353
 3608.0 20.360586
 3609.0 20.342676
 3610.0 20.219492
 3611.0 20.23741
 3612.0 20.358345
 3613.0 20.600235
 3614.0 20.812994
 3615.0 20.945135
 3616.0 20.936178
 3617.0 21.059355
 3618.0 21.493851
 3619.0 21.354988
 3620.0 21.363945
 3621.0 21.285564
 3622.0 21.325876
 3623.0 21.601349
 3624.0 21.348269
 3625.0 21.227327
 3626.0 20.848827
 3627.0 21.148943
 3628.0 21.039196
 3629.0 21.21389
 3630.0 21.767088
 3631.0 21.731249
 3632.0 21.874586
 3633.0 22.176941
 3634.0 22.0336
 3635.0 21.982092
 3636.0 21.410982
 3637.0 21.529675
 3638.0 21.408737
 3639.0 21.303476
 3640.0 21.267647
 3641.0 21.26539
 3642.0 21.323914
 3643.0 21.605259
 3644.0 21.60076
 3645.0 21.886608
 3646.0 21.945129
 3647.0 22.053173
 3648.0 22.318762
 3649.0 22.627121
 3650.0 22.636122
 3651.0 22.638372
 3652.0 22.804928
 3653.0 22.854446
 3654.0 22.708143
 3655.0 22.987244
 3656.0 23.014248
 3657.0 23.070517
 3658.0 23.250584
 3659.0 22.269243
 3660.0 22.084677
 3661.0 22.27599
 3662.0 22.138697
 3663.0 22.055414
 3664.0 22.732904
 3665.0 22.829685
 3666.0 22.881454
 3667.0 22.874704
 3668.0 22.701397
 3669.0 22.863447
 3670.0 22.910713
 3671.0 22.723892
 3672.0 22.746412
 3673.0 23.10203
 3674.0 22.901711
 3675.0 22.02841
 3676.0 22.676638
 3677.0 22.532578
 3678.0 22.676638
 3679.0 22.323259
 3680.0 22.485317
 3681.0 22.422291
 3682.0 22.422291
 3683.0 22.226475
 3684.0 22.687885
 3685.0 22.737404
 3686.0 22.672132
 3687.0 22.465059
 3688.0 22.226475
 3689.0 21.95413
 3690.0 21.666035
 3691.0 21.983397
 3692.0 22.453802
 3693.0 23.063772
 3694.0 23.180809
 3695.0 23.594952
 3696.0 23.682732
 3697.0 23.657976
 3698.0 24.024847
 3699.0 24.159901
 3700.0 24.078875
 3701.0 24.308451
 3702.0 24.623558
 3703.0 24.443499
 3704.0 24.502018
 3705.0 24.572092
 3706.0 24.642176
 3707.0 24.601484
 3708.0 24.798141
 3709.0 25.148527
 3710.0 25.503437
 3711.0 25.810867
 3712.0 25.767921
 3713.0 26.102484
 3714.0 25.921638
 3715.0 26.292368
 3716.0 26.328541
 3717.0 26.816814
 3718.0 26.583977
 3719.0 26.900452
 3720.0 26.884632
 3721.0 26.012058
 3722.0 25.912594
 3723.0 26.206465
 3724.0 26.107002
 3725.0 25.996227
 3726.0 25.408493
 3727.0 25.797308
 3728.0 25.306768
 3729.0 25.23217
 3730.0 24.804924
 3731.0 24.465849
 3732.0 24.13129
 3733.0 24.732599
 3734.0 25.465006
 3735.0 25.268339
 3736.0 25.530563
 3737.0 25.440142
 3738.0 25.320335
 3739.0 25.767921
 3740.0 25.749836
 3741.0 25.435621
 3742.0 24.951862
 3743.0 24.714506
 3744.0 24.018261
 3745.0 24.020519
 3746.0 24.357342
 3747.0 25.293213
 3748.0 25.320335
 3749.0 24.696424
 3750.0 24.915695
 3751.0 24.820749
 3752.0 24.147114
 3753.0 23.959492
 3754.0 24.576618
 3755.0 24.764244
 3756.0 25.408493
 3757.0 25.539602
 3758.0 25.566734
 3759.0 24.671562
 3760.0 26.066309
 3761.0 26.877844
 3762.0 26.484514
 3763.0 26.816814
 3764.0 26.821331
 3765.0 27.02704
 3766.0 27.21995
 3767.0 26.990736
 3768.0 27.170023
 3769.0 27.691999
 3770.0 28.341068
 3771.0 28.699642
 3772.0 28.840343
 3773.0 29.010551
 3774.0 29.21254
 3775.0 29.15126
 3776.0 29.389551
 3777.0 30.183861
 3778.0 29.995502
 3779.0 29.228422
 3780.0 29.598345
 3781.0 29.153536
 3782.0 29.296507
 3783.0 29.357786
 3784.0 29.171684
 3785.0 28.688295
 3786.0 28.731409
 3787.0 28.853962
 3788.0 28.257095
 3789.0 27.741924
 3790.0 28.243471
 3791.0 28.0483
 3792.0 28.356947
 3793.0 28.831263
 3794.0 29.155798
 3795.0 28.935663
 3796.0 28.572546
 3797.0 28.869843
 3798.0 28.751833
 3799.0 28.000641
 3800.0 28.195816
 3801.0 27.971148
 3802.0 28.679214
 3803.0 28.238937
 3804.0 28.19808
 3805.0 28.440916
 3806.0 28.901619
 3807.0 28.597513
 3808.0 28.504463
 3809.0 28.722334
 3810.0 28.844885
 3811.0 28.788143
 3812.0 28.663332
 3813.0 28.772257
 3814.0 28.633823
 3815.0 28.311563
 3816.0 28.958359
 3817.0 28.801767
 3818.0 29.18984
 3819.0 29.428137
 3820.0 29.566574
 3821.0 30.104437
 3822.0 29.630116
 3823.0 29.194378
 3824.0 28.40234
 3825.0 29.264738
 3826.0 29.207998
 3827.0 28.549852
 3828.0 28.370565
 3829.0 28.546045
 3830.0 29.083878
 3831.0 28.787613
 3832.0 28.685061
 3833.0 28.716967
 3834.0 29.386978
 3835.0 29.345955
 3836.0 29.669567
 3837.0 29.642223
 3838.0 29.639936
 3839.0 29.943031
 3840.0 30.205111
 3841.0 29.539667
 3842.0 30.091169
 3843.0 30.031914
 3844.0 29.690079
 3845.0 29.749325
 3846.0 29.617151
 3847.0 29.653606
 3848.0 29.480413
 3849.0 29.318605
 3850.0 29.124903
 3851.0 29.0383
 3852.0 29.371023
 3853.0 29.304934
 3854.0 28.981325
 3855.0 28.924349
 3856.0 29.079321
 3857.0 29.010952
 3858.0 29.143126
 3859.0 28.851425
 3860.0 29.081594
 3861.0 28.949417
 3862.0 29.195541
 3863.0 29.05653
 3864.0 28.885605
 3865.0 28.379683
 3866.0 28.584785
 3867.0 28.851425
 3868.0 28.81496
 3869.0 28.714689
 3870.0 28.644041
 3871.0 27.93301
 3872.0 27.363274
 3873.0 28.094816
 3874.0 28.637205
 3875.0 28.625809
 3876.0 28.901558
 3877.0 29.286697
 3878.0 29.539667
 3879.0 30.098005
 3880.0 29.797186
 3881.0 28.536928
 3882.0 28.523252
 3883.0 28.372849
 3884.0 27.978586
 3885.0 28.117599
 3886.0 28.028721
 3887.0 27.887432
 3888.0 27.643583
 3889.0 26.991804
 3890.0 26.125809
 3891.0 26.299009
 3892.0 26.356239
 3893.0 26.445517
 3894.0 27.407009
 3895.0 25.980801
 3896.0 26.381414
 3897.0 26.360819
 3898.0 26.546247
 3899.0 26.820959
 3900.0 26.66987
 3901.0 26.328766
 3902.0 25.788504
 3903.0 24.211203
 3904.0 23.606834
 3905.0 23.748772
 3906.0 25.110882
 3907.0 25.850313
 3908.0 25.935017
 3909.0 25.813683
 3910.0 24.659901
 3911.0 25.717537
 3912.0 25.266546
 3913.0 25.014727
 3914.0 25.710665
 3915.0 25.216188
 3916.0 25.770185
 3917.0 26.145622
 3918.0 26.397442
 3919.0 26.619501
 3920.0 26.649265
 3921.0 26.079237
 3922.0 25.971643
 3923.0 26.374559
 3924.0 25.960194
 3925.0 26.170807
 3926.0 26.326473
 3927.0 26.260092
 3928.0 25.740427
 3929.0 24.96665
 3930.0 25.250526
 3931.0 25.085703
 3932.0 25.268841
 3933.0 25.360409
 3934.0 25.481739
 3935.0 25.360409
 3936.0 25.067383
 3937.0 25.667173
 3938.0 25.548122
 3939.0 25.591627
 3940.0 25.229921
 3941.0 25.607649
 3942.0 25.419931
 3943.0 25.577888
 3944.0 26.044895
 3945.0 26.042612
 3946.0 26.440943
 3947.0 27.260494
 3948.0 26.390577
 3949.0 26.223459
 3950.0 27.303993
 3951.0 27.592442
 3952.0 27.356646
 3953.0 27.74124
 3954.0 28.059446
 3955.0 27.928959
 3956.0 27.800211
 3957.0 27.832394
 3958.0 27.719742
 3959.0 26.846102
 3960.0 26.694361
 3961.0 26.604702
 3962.0 25.827614
 3963.0 26.250647
 3964.0 26.137993
 3965.0 26.965654
 3966.0 27.308207
 3967.0 27.427767
 3968.0 27.071409
 3969.0 27.3312
 3970.0 27.135786
 3971.0 27.085203
 3972.0 27.197859
 3973.0 26.977146
 3974.0 26.733452
 3975.0 26.485149
 3976.0 27.36569
 3977.0 27.193262
 3978.0 27.18177
 3979.0 26.581713
 3980.0 26.708155
 3981.0 26.020741
 3982.0 25.859808
 3983.0 25.402296
 3984.0 25.59771
 3985.0 25.055138
 3986.0 24.376915
 3987.0 24.675789
 3988.0 24.652803
 3989.0 24.97007
 3990.0 24.836725
 3991.0 24.558544
 3992.0 24.99996
 3993.0 24.673492
 3994.0 24.199886
 3995.0 24.220581
 3996.0 23.61363
 3997.0 23.151518
 3998.0 22.174414
 3999.0 22.291666
 4000.0 22.652618
 4001.0 22.981388
 4002.0 22.39053
 4003.0 22.880228
 4004.0 22.330757
 4005.0 22.222696
 4006.0 22.252583
 4007.0 22.139931
 4008.0 23.317055
 4009.0 22.861841
 4010.0 22.988281
 4011.0 21.477798
 4012.0 21.63184
 4013.0 22.379032
 4014.0 22.169819
 4015.0 21.721502
 4016.0 22.151423
 4017.0 22.329412
 4018.0 21.733034
 4019.0 21.96188
 4020.0 21.957254
 4021.0 21.790827
 4022.0 21.659067
 4023.0 21.726101
 4024.0 22.338661
 4025.0 22.680769
 4026.0 22.250824
 4027.0 22.199963
 4028.0 22.394133
 4029.0 21.887915
 4030.0 22.213835
 4031.0 22.366396
 4032.0 22.401073
 4033.0 22.350218
 4034.0 23.237843
 4035.0 23.2887
 4036.0 23.462063
 4037.0 23.811102
 4038.0 23.547592
 4039.0 23.353422
 4040.0 23.374226
 4041.0 23.385788
 4042.0 23.637739
 4043.0 23.69784
 4044.0 24.174021
 4045.0 24.495319
 4046.0 24.456024
 4047.0 24.483763
 4048.0 24.481455
 4049.0 24.668686
 4050.0 24.532301
 4051.0 24.425972
 4052.0 24.315018
 4053.0 24.890594
 4054.0 25.325159
 4055.0 25.193401
 4056.0 25.424557
 4057.0 25.685762
 4058.0 25.382946
 4059.0 25.648775
 4060.0 25.089386
 4061.0 25.117123
 4062.0 25.200335
 4063.0 25.528576
 4064.0 25.898422
 4065.0 25.912289
 4066.0 25.392193
 4067.0 24.84436
 4068.0 24.712601
 4069.0 24.763456
 4070.0 24.495319
 4071.0 24.428288
 4072.0 24.289593
 4073.0 24.12085
 4074.0 22.61142
 4075.0 21.920273
 4076.0 21.668312
 4077.0 21.645199
 4078.0 22.001175
 4079.0 21.772339
 4080.0 21.68396
 4081.0 21.563032
 4082.0 21.579311
 4083.0 21.725819
 4084.0 21.514193
 4085.0 21.009537
 4086.0 21.051397
 4087.0 21.832802
 4088.0 21.7421
 4089.0 21.990946
 4090.0 21.907217
 4091.0 22.144428
 4092.0 22.425829
 4093.0 22.767694
 4094.0 23.167696
 4095.0 23.351421
 4096.0 23.337469
 4097.0 23.223515
 4098.0 22.897932
 4099.0 22.725836
 4100.0 22.772343
 4101.0 22.937462
 4102.0 23.030487
 4103.0 23.009558
 4104.0 23.174675
 4105.0 22.983976
 4106.0 22.637461
 4107.0 22.665363
 4108.0 22.590948
 4109.0 22.6863
 4110.0 22.170013
 4111.0 22.116522
 4112.0 22.304897
 4113.0 22.221176
 4114.0 22.349083
 4115.0 21.72117
 4116.0 21.404882
 4117.0 21.765352
 4118.0 21.953733
 4119.0 22.232803
 4120.0 22.300245
 4121.0 22.09094
 4122.0 22.21652
 4123.0 22.311876
 4124.0 22.483969
 4125.0 22.553738
 4126.0 22.656061
 4127.0 22.528152
 4128.0 22.97467
 4129.0 22.972349
 4130.0 23.216532
 4131.0 23.22584
 4132.0 23.246767
 4133.0 23.12351
 4134.0 22.944441
 4135.0 22.637461
 4136.0 22.48164
 4137.0 23.942127
 4138.0 24.265385
 4139.0 24.235149
 4140.0 24.663063
 4141.0 24.297947
 4142.0 24.602598
 4143.0 24.75458
 4144.0 25.131031
 4145.0 25.33913
 4146.0 25.442013
 4147.0 25.252617
 4148.0 25.236254
 4149.0 25.294708
 4150.0 25.598671
 4151.0 25.575289
 4152.0 25.537876
 4153.0 25.505144
 4154.0 25.570614
 4155.0 25.371866
 4156.0 25.451366
 4157.0 25.259632
 4158.0 25.152071
 4159.0 25.004765
 4160.0 24.976709
 4161.0 24.784977
 4162.0 24.808353
 4163.0 24.955667
 4164.0 25.189491
 4165.0 25.182472
 4166.0 25.336798
 4167.0 24.672745
 4168.0 24.113914
 4169.0 24.654036
 4170.0 25.240927
 4171.0 26.134123
 4172.0 27.022646
 4173.0 26.870655
 4174.0 26.557337
 4175.0 26.554996
 4176.0 26.550325
 4177.0 26.800508
 4178.0 26.353914
 4179.0 26.393658
 4180.0 26.442766
 4181.0 26.643854
 4182.0 26.229992
 4183.0 26.433409
 4184.0 26.309486
 4185.0 26.421722
 4186.0 26.433409
 4187.0 26.629818
 4188.0 26.669573
 4189.0 27.134872
 4190.0 27.193329
 4191.0 27.436499
 4192.0 27.352324
 4193.0 27.504311
 4194.0 27.485603
 4195.0 27.4669
 4196.0 27.385061
 4197.0 27.371031
 4198.0 27.263475
 4199.0 27.508984
 4200.0 27.649275
 4201.0 27.027317
 4202.0 26.767775
 4203.0 26.590073
 4204.0 26.547985
 4205.0 26.068655
 4206.0 26.092033
 4207.0 25.812359
 4208.0 25.579687
 4209.0 25.948671
 4210.0 26.101435
 4211.0 26.059134
 4212.0 25.332914
 4213.0 25.483328
 4214.0 24.844076
 4215.0 25.173107
 4216.0 25.849964
 4217.0 25.840565
 4218.0 25.866417
 4219.0 26.258898
 4220.0 26.275349
 4221.0 26.141388
 4222.0 26.272999
 4223.0 26.221296
 4224.0 26.195446
 4225.0 25.974522
 4226.0 25.732443
 4227.0 25.828806
 4228.0 25.643145
 4229.0 25.840565
 4230.0 26.094383
 4231.0 26.350557
 4232.0 26.780649
 4233.0 26.62788
 4234.0 27.072071
 4235.0 27.072071
 4236.0 27.220133
 4237.0 27.255388
 4238.0 27.412851
 4239.0 27.485708
 4240.0 27.511559
 4241.0 27.330595
 4242.0 27.384651
 4243.0 27.558565
 4244.0 27.441053
 4245.0 27.434006
 4246.0 27.220133
 4247.0 27.297691
 4248.0 27.267136
 4249.0 27.405802
 4250.0 27.711329
 4251.0 27.965149
 4252.0 27.993353
 4253.0 28.14377
 4254.0 28.026257
 4255.0 27.976902
 4256.0 28.202524
 4257.0 28.200172
 4258.0 28.150822
 4259.0 28.202524
 4260.0 28.221327
 4261.0 28.195471
 4262.0 28.644361
 4263.0 28.658464
 4264.0 28.66081
 4265.0 28.585608
 4266.0 28.519804
 4267.0 30.258953
 4268.0 30.207253
 4269.0 30.336514
 4270.0 30.620886
 4271.0 30.91231
 4272.0 31.032175
 4273.0 31.256411
 4274.0 31.185598
 4275.0 31.461763
 4276.0 31.870119
 4277.0 31.985781
 4278.0 31.948015
 4279.0 32.035343
 4280.0 32.266663
 4281.0 32.363449
 4282.0 32.226543
 4283.0 32.257225
 4284.0 32.320957
 4285.0 32.335114
 4286.0 32.996029
 4287.0 32.800117
 4288.0 32.993668
 4289.0 32.889809
 4290.0 32.932297
 4291.0 32.809563
 4292.0 32.734028
 4293.0 32.842602
 4294.0 32.856762
 4295.0 32.807194
 4296.0 33.154175
 4297.0 33.208454
 4298.0 33.043243
 4299.0 33.390209
 4300.0 33.007832
 4301.0 33.380775
 4302.0 33.262756
 4303.0 33.196663
 4304.0 33.253315
 4305.0 33.942543
 4306.0 34.018078
 4307.0 33.97324
 4308.0 33.909504
 4309.0 33.918949
 4310.0 34.171509
 4311.0 33.994476
 4312.0 33.909504
 4313.0 33.833973
 4314.0 33.79385
 4315.0 33.43034
 4316.0 33.47047
 4317.0 33.293438
 4318.0 33.477551
 4319.0 33.328846
 4320.0 33.206108
 4321.0 33.621532
 4322.0 33.581413
 4323.0 33.904778
 4324.0 34.114853
 4325.0 33.914227
 4326.0 33.940174
 4327.0 33.907135
 4328.0 34.59874
 4329.0 34.818256
 4330.0 34.71204
 4331.0 34.586937
 4332.0 35.160519
 4333.0 36.116482
 4334.0 36.347801
 4335.0 36.175499
 4336.0 36.488342
 4337.0 36.997925
 4338.0 36.903126
 4339.0 36.848602
 4340.0 35.611389
 4341.0 36.154152
 4342.0 36.277405
 4343.0 36.497826
 4344.0 36.452793
 4345.0 36.343765
 4346.0 36.469383
 4347.0 36.407764
 4348.0 36.421978
 4349.0 36.206291
 4350.0 36.305843
 4351.0 36.843864
 4352.0 36.483597
 4353.0 36.60685
 4354.0 36.824905
 4355.0 36.734837
 4356.0 35.310387
 4357.0 34.46661
 4358.0 34.743916
 4359.0 34.404987
 4360.0 34.198784
 4361.0 33.720016
 4362.0 34.684662
 4363.0 34.369434
 4364.0 34.573269
 4365.0 34.516396
 4366.0 34.670444
 4367.0 34.561417
 4368.0 34.066055
 4369.0 34.563793
 4370.0 34.054207
 4371.0 34.134796
 4372.0 34.011547
 4373.0 34.151382
 4374.0 33.829041
 4375.0 34.172714
 4376.0 34.381287
 4377.0 34.492683
 4378.0 34.542461
 4379.0 35.023605
 4380.0 35.324604
 4381.0 35.447853
 4382.0 35.571106
 4383.0 35.793892
 4384.0 35.632729
 4385.0 35.616135
 4386.0 36.047497
 4387.0 36.201569
 4388.0 36.372208
 4389.0 35.684875
 4390.0 35.433624
 4391.0 35.251129
 4392.0 35.563988
 4393.0 37.244423
 4394.0 36.872303
 4395.0 37.066662
 4396.0 37.640232
 4397.0 37.941238
 4398.0 38.173515
 4399.0 36.957619
 4400.0 37.471584
 4401.0 38.035507
 4402.0 38.451912
 4403.0 38.297253
 4404.0 37.561996
 4405.0 37.476341
 4406.0 37.407333
 4407.0 38.018852
 4408.0 38.066441
 4409.0 37.897503
 4410.0 38.037888
 4411.0 38.420982
 4412.0 38.763626
 4413.0 38.868317
 4414.0 39.022987
 4415.0 39.034885
 4416.0 38.566128
 4417.0 38.525681
 4418.0 38.371014
 4419.0 37.745216
 4420.0 38.428112
 4421.0 38.275833
 4422.0 37.987911
 4423.0 37.66193
 4424.0 38.042652
 4425.0 37.754738
 4426.0 37.769009
 4427.0 37.136078
 4428.0 36.498375
 4429.0 36.141464
 4430.0 35.822617
 4431.0 36.4389
 4432.0 36.698257
 4433.0 36.47221
 4434.0 36.672077
 4435.0 36.598328
 4436.0 36.757744
 4437.0 36.519802
 4438.0 36.974266
 4439.0 36.952854
 4440.0 37.081345
 4441.0 37.095631
 4442.0 37.250298
 4443.0 37.119419
 4444.0 37.354984
 4445.0 38.042652
 4446.0 38.183029
 4447.0 38.014091
 4448.0 37.114658
 4449.0 37.178898
 4450.0 37.15987
 4451.0 37.381157
 4452.0 37.216972
 4453.0 37.454922
 4454.0 38.796932
 4455.0 39.670197
 4456.0 40.222218
 4457.0 39.710648
 4458.0 40.000946
 4459.0 41.045513
 4460.0 41.461906
 4461.0 41.595165
 4462.0 41.935421
 4463.0 41.849777
 4464.0 41.711266
 4465.0 41.544098
 4466.0 40.91605
 4467.0 40.376377
 4468.0 40.858749
 4469.0 40.631878
 4470.0 40.591293
 4471.0 41.345894
 4472.0 41.78051
 4473.0 41.782902
 4474.0 41.572762
 4475.0 41.329193
 4476.0 40.471897
 4477.0 41.037846
 4478.0 40.846798
 4479.0 40.548302
 4480.0 40.51009
 4481.0 40.35965
 4482.0 40.433689
 4483.0 40.445625
 4484.0 41.233662
 4485.0 41.002026
 4486.0 41.138145
 4487.0 41.126198
 4488.0 41.544098
 4489.0 42.129158
 4490.0 41.680214
 4491.0 41.634853
 4492.0 41.792458
 4493.0 41.792458
 4494.0 40.732182
 4495.0 40.739349
 4496.0 40.853977
 4497.0 40.412193
 4498.0 41.135754
 4499.0 41.128597
 4500.0 41.319626
 4501.0 41.79007
 4502.0 41.634853
 4503.0 41.630074
 4504.0 41.620518
 4505.0 41.856937
 4506.0 42.289169
 4507.0 42.074245
 4508.0 42.76915
 4509.0 42.807354
 4510.0 42.616322
 4511.0 42.267673
 4512.0 42.277225
 4513.0 41.603806
 4514.0 40.86113
 4515.0 40.956654
 4516.0 40.10891
 4517.0 39.872501
 4518.0 39.982353
 4519.0 40.065941
 4520.0 38.327461
 4521.0 37.369869
 4522.0 38.931625
 4523.0 38.098213
 4524.0 37.049881
 4525.0 37.503044
 4526.0 39.01363
 4527.0 39.404461
 4528.0 40.130981
 4529.0 41.478504
 4530.0 41.344234
 4531.0 41.205162
 4532.0 41.018143
 4533.0 41.361012
 4534.0 42.080338
 4535.0 42.912357
 4536.0 42.773281
 4537.0 42.708549
 4538.0 41.960449
 4539.0 42.250584
 4540.0 42.396835
 4541.0 42.360874
 4542.0 41.967648
 4543.0 42.425621
 4544.0 43.154522
 4545.0 43.571732
 4546.0 43.15213
 4547.0 42.785275
 4548.0 42.835625
 4549.0 42.684566
 4550.0 42.032387
 4551.0 42.018002
 4552.0 41.066097
 4553.0 40.485844
 4554.0 39.548328
 4555.0 41.425755
 4556.0 40.363556
 4557.0 39.91758
 4558.0 40.229279
 4559.0 39.965527
 4560.0 40.375546
 4561.0 41.147614
 4562.0 41.432957
 4563.0 40.373146
 4564.0 40.773571
 4565.0 41.540848
 4566.0 41.346642
 4567.0 41.75425
 4568.0 41.89571
 4569.0 42.157074
 4570.0 42.737312
 4571.0 42.641415
 4572.0 41.432957
 4573.0 39.735348
 4574.0 39.620251
 4575.0 39.068787
 4576.0 39.239014
 4577.0 39.375687
 4578.0 38.920116
 4579.0 39.625053
 4580.0 40.545773
 4581.0 42.336906
 4582.0 42.413624
 4583.0 44.07766
 4584.0 44.396557
 4585.0 44.609943
 4586.0 44.924053
 4587.0 45.566654
 4588.0 45.393353
 4589.0 45.287445
 4590.0 44.875847
 4591.0 45.294666
 4592.0 45.008228
 4593.0 44.844555
 4594.0 45.162281
 4595.0 45.049156
 4596.0 45.33799
 4597.0 45.287445
 4598.0 45.390945
 4599.0 45.227261
 4600.0 45.130993
 4601.0 44.97934
 4602.0 45.790501
 4603.0 46.173206
 4604.0 46.529442
 4605.0 46.690712
 4606.0 46.565559
 4607.0 46.141911
 4608.0 46.028793
 4609.0 46.281525
 4610.0 45.901234
 4611.0 45.925293
 4612.0 45.453518
 4613.0 45.429455
 4614.0 44.695324
 4615.0 44.890285
 4616.0 44.639965
 4617.0 44.509991
 4618.0 43.848061
 4619.0 44.392044
 4620.0 44.327057
 4621.0 44.649586
 4622.0 44.555714
 4623.0 45.053963
 4624.0 44.269279
 4625.0 44.625519
 4626.0 45.244114
 4627.0 45.872334
 4628.0 45.816975
 4629.0 45.222454
 4630.0 45.980656
 4631.0 46.05286
 4632.0 45.951767
 4633.0 46.081749
 4634.0 45.829014
 4635.0 46.185249
 4636.0 46.079342
 4637.0 46.120255
 4638.0 46.454834
 4639.0 46.892895
 4640.0 46.746071
 4641.0 45.96862
 4642.0 45.711067
 4643.0 45.802536
 4644.0 48.500774
 4645.0 49.918484
 4646.0 50.062904
 4647.0 50.322857
 4648.0 49.851086
 4649.0 49.884781
 4650.0 50.277126
 4651.0 50.127369
 4652.0 50.451038
 4653.0 50.663597
 4654.0 50.781952
 4655.0 51.525902
 4656.0 52.554871
 4657.0 52.042809
 4658.0 51.941353
 4659.0 51.943779
 4660.0 52.050053
 4661.0 52.211884
 4662.0 52.64183
 4663.0 53.06694
 4664.0 53.859196
 4665.0 54.35437
 4666.0 54.982372
 4667.0 55.158699
 4668.0 54.798805
 4669.0 53.888191
 4670.0 53.453407
 4671.0 52.736031
 4672.0 54.069347
 4673.0 53.397858
 4674.0 54.687698
 4675.0 54.066929
 4676.0 52.627338
 4677.0 52.714298
 4678.0 52.745682
 4679.0 53.146652
 4680.0 52.574188
 4681.0 53.330223
 4682.0 53.668388
 4683.0 53.240856
 4684.0 54.335041
 4685.0 54.525864
 4686.0 54.893009
 4687.0 55.380917
 4688.0 56.054836
 4689.0 55.069332
 4690.0 54.175625
 4691.0 54.050026
 4692.0 54.798805
 4693.0 52.260193
 4694.0 51.798847
 4695.0 53.649063
 4696.0 52.501736
 4697.0 53.658722
 4698.0 53.426849
 4699.0 52.178066
 4700.0 52.97274
 4701.0 53.296413
 4702.0 53.798813
 4703.0 51.95343
 4704.0 53.091103
 4705.0 52.245705
 4706.0 51.265034
 4707.0 51.521072
 4708.0 52.864059
 4709.0 53.675625
 4710.0 50.115288
 4711.0 48.692612
 4712.0 49.219166
 4713.0 50.711903
 4714.0 50.534966
 4715.0 49.560566
 4716.0 47.063995
 4717.0 46.593773
 4718.0 45.277622
 4719.0 46.395023
 4720.0 46.908871
 4721.0 45.049778
 4722.0 42.897392
 4723.0 42.848911
 4724.0 41.760605
 4725.0 42.325367
 4726.0 42.233261
 4727.0 43.857243
 4728.0 43.520321
 4729.0 43.285202
 4730.0 44.797695
 4731.0 42.827103
 4732.0 42.349598
 4733.0 40.839539
 4734.0 41.108585
 4735.0 40.873478
 4736.0 40.987404
 4737.0 41.43581
 4738.0 40.109955
 4739.0 39.736679
 4740.0 40.252975
 4741.0 38.997414
 4742.0 38.013321
 4743.0 36.534771
 4744.0 35.58947
 4745.0 38.095737
 4746.0 37.848503
 4747.0 37.867889
 4748.0 38.233898
 4749.0 38.277519
 4750.0 34.464794
 4751.0 35.936077
 4752.0 35.856087
 4753.0 36.539619
 4754.0 37.160122
 4755.0 37.2789
 4756.0 36.912895
 4757.0 36.357826
 4758.0 37.101963
 4759.0 37.555218
 4760.0 37.778202
 4761.0 38.010895
 4762.0 37.157703
 4763.0 37.30798
 4764.0 37.012276
 4765.0 38.238739
 4766.0 37.884861
 4767.0 37.492191
 4768.0 40.054214
 4769.0 40.342659
 4770.0 40.362041
 4771.0 41.508522
 4772.0 42.218716
 4773.0 42.233261
 4774.0 41.433384
 4775.0 41.482063
 4776.0 41.243507
 4777.0 41.598915
 4778.0 41.426079
 4779.0 41.577003
 4780.0 41.484501
 4781.0 41.608654
 4782.0 41.876415
 4783.0 41.640301
 4784.0 42.105232
 4785.0 42.411957
 4786.0 42.436291
 4787.0 42.567741
 4788.0 42.149048
 4789.0 42.592083
 4790.0 42.806313
 4791.0 42.728405
 4792.0 42.482544
 4793.0 41.990826
 4794.0 42.09063
 4795.0 43.548744
 4796.0 44.038033
 4797.0 44.232773
 4798.0 44.724487
 4799.0 45.306271
 4800.0 45.768791
 4801.0 45.406078
 4802.0 45.80286
 4803.0 47.489796
 4804.0 46.506363
 4805.0 45.944046
 4806.0 45.469368
 4807.0 45.87833
 4808.0 45.939182
 4809.0 46.238594
 4810.0 46.552608
 4811.0 47.229332
 4812.0 47.553097
 4813.0 47.635857
 4814.0 47.954742
 4815.0 48.709362
 4816.0 48.563301
 4817.0 48.835934
 4818.0 48.42942
 4819.0 48.409935
 4820.0 48.497574
 4821.0 48.502445
 4822.0 49.446941
 4823.0 49.624638
 4824.0 49.787735
 4825.0 50.505836
 4826.0 50.42794
 4827.0 49.970299
 4828.0 49.731747
 4829.0 49.807201
 4830.0 48.848106
 4831.0 51.245857
 4832.0 50.912357
 4833.0 51.545258
 4834.0 50.74926
 4835.0 49.381214
 4836.0 49.390942
 4837.0 48.860279
 4838.0 48.183399
 4839.0 45.383003
 4840.0 46.101433
 4841.0 46.653687
 4842.0 46.448425
 4843.0 46.184517
 4844.0 44.740334
 4845.0 45.598045
 4846.0 44.664581
 4847.0 43.902164
 4848.0 43.733559
 4849.0 43.552727
 4850.0 43.345024
 4851.0 43.569843
 4852.0 42.780544
 4853.0 42.348026
 4854.0 43.897282
 4855.0 44.605934
 4856.0 45.260822
 4857.0 46.465527
 4858.0 47.059334
 4859.0 47.604259
 4860.0 47.452759
 4861.0 47.442978
 4862.0 47.098427
 4863.0 47.379448
 4864.0 48.493736
 4865.0 48.352001
 4866.0 48.740555
 4867.0 48.574379
 4868.0 48.525509
 4869.0 47.789986
 4870.0 48.823631
 4871.0 48.808971
 4872.0 48.364227
 4873.0 49.251266
 4874.0 49.539608
 4875.0 49.950146
 4876.0 49.906155
 4877.0 48.877388
 4878.0 49.175514
 4879.0 49.661789
 4880.0 49.300137
 4881.0 49.678902
 4882.0 50.145634
 4883.0 49.97213
 4884.0 49.691124
 4885.0 50.2556
 4886.0 49.505405
 4887.0 50.636799
 4888.0 51.032665
 4889.0 50.991119
 4890.0 50.587936
 4891.0 50.76387
 4892.0 51.237923
 4893.0 51.018005
 4894.0 52.05899
 4895.0 50.93248
 4896.0 49.854843
 4897.0 47.245045
 4898.0 48.139416
 4899.0 48.637909
 4900.0 49.710663
 4901.0 49.301033
 4902.0 49.17593
 4903.0 51.258453
 4904.0 49.732742
 4905.0 49.485004
 4906.0 50.652584
 4907.0 51.596951
 4908.0 51.5994
 4909.0 52.158665
 4910.0 52.114521
 4911.0 49.705753
 4912.0 50.650131
 4913.0 50.078602
 4914.0 50.41465
 4915.0 51.268257
 4916.0 51.202034
 4917.0 50.456345
 4918.0 51.312416
 4919.0 52.315655
 4920.0 52.310749
 4921.0 52.533966
 4922.0 53.154549
 4923.0 54.844601
 4924.0 54.721966
 4925.0 53.657394
 4926.0 53.93948
 4927.0 54.135719
 4928.0 54.643459
 4929.0 54.199497
 4930.0 53.4072
 4931.0 53.650036
 4932.0 53.394932
 4933.0 54.216656
 4934.0 53.937027
 4935.0 53.674568
 4936.0 54.937813
 4937.0 55.089893
 4938.0 53.708912
 4939.0 54.16515
 4940.0 55.683498
 4941.0 55.695763
 4942.0 55.043289
 4943.0 55.688408
 4944.0 56.438995
 4945.0 57.940178
 4946.0 57.856781
 4947.0 57.721867
 4948.0 57.488846
 4949.0 57.712051
 4950.0 57.989235
 4951.0 58.994923
 4952.0 58.86002
 4953.0 59.649857
 4954.0 59.747967
 4955.0 60.483845
 4956.0 61.089718
 4957.0 59.676834
 4958.0 59.669472
 4959.0 61.018574
 4960.0 62.750324
 4961.0 63.162422
 4962.0 63.071667
 4963.0 63.098644
 4964.0 63.826878
 4965.0 64.001564
 4966.0 64.508385
 4967.0 64.449326
 4968.0 65.066872
 4969.0 64.616646
 4970.0 65.384239
 4971.0 65.713913
 4972.0 65.514648
 4973.0 64.751938
 4974.0 64.461647
 4975.0 64.405052
 4976.0 65.534317
 4977.0 65.022591
 4978.0 65.895973
 4979.0 65.750824
 4980.0 64.990601
 4981.0 63.831806
 4982.0 64.395203
 4983.0 65.339943
 4984.0 66.602066
 4985.0 65.66964
 4986.0 66.053429
 4987.0 66.616829
 4988.0 66.786591
 4989.0 67.694427
 4990.0 68.853218
 4991.0 68.988548
 4992.0 68.823685
 4993.0 68.892593
 4994.0 68.749893
 4995.0 69.871773
 4996.0 69.938187
 4997.0 71.325806
 4998.0 71.298737
 4999.0 71.721909
 5000.0 72.245949
 5001.0 73.894333
 5002.0 73.175926
 5003.0 73.759003
 5004.0 73.412117
 5005.0 74.59304
 5006.0 76.17746
 5007.0 76.349678
 5008.0 77.980835
 5009.0 76.927834
 5010.0 76.598175
 5011.0 77.557671
 5012.0 78.416306
 5013.0 77.884888
 5014.0 78.16291
 5015.0 78.53933
 5016.0 78.312973
 5017.0 76.01017
 5018.0 78.160439
 5019.0 79.796516
 5020.0 79.680885
 5021.0 76.147942
 5022.0 75.938805
 5023.0 78.445831
 5024.0 79.08551
 5025.0 80.010559
 5026.0 78.923004
 5027.0 79.297852
 5028.0 78.819435
 5029.0 80.691216
 5030.0 80.116608
 5031.0 80.136345
 5032.0 78.669006
 5033.0 79.808342
 5034.0 78.989586
 5035.0 77.20166
 5036.0 73.534554
 5037.0 71.04377
 5038.0 72.170776
 5039.0 67.453117
 5040.0 67.413651
 5041.0 73.689919
 5042.0 71.349579
 5043.0 74.659096
 5044.0 72.237373
 5045.0 71.278069
 5046.0 65.640526
 5047.0 70.36805
 5048.0 67.924156
 5049.0 61.216312
 5050.0 68.550537
 5051.0 59.731724
 5052.0 62.358128
 5053.0 60.831596
 5054.0 60.365505
 5055.0 56.533173
 5056.0 55.332172
 5057.0 60.883392
 5058.0 60.548004
 5059.0 63.734222
 5060.0 61.095478
 5061.0 62.83902
 5062.0 62.710785
 5063.0 59.411129
 5064.0 60.402504
 5065.0 59.534428
 5066.0 64.728058
 5067.0 63.978363
 5068.0 65.615868
 5069.0 66.089348
 5070.0 67.386528
 5071.0 70.789764
 5072.0 70.143646
 5073.0 70.700989
 5074.0 69.741669
 5075.0 68.294052
 5076.0 66.183067
 5077.0 68.089371
 5078.0 67.8255
 5079.0 69.7836
 5080.0 69.832916
 5081.0 68.700966
 5082.0 70.957451
 5083.0 72.454384
 5084.0 71.287918
 5085.0 72.296555
 5086.0 73.38166
 5087.0 74.138748
 5088.0 74.905708
 5089.0 76.688591
 5090.0 77.895317
 5091.0 77.005119
 5092.0 76.075333
 5093.0 76.542702
 5094.0 76.090179
 5095.0 77.882942
 5096.0 77.432915
 5097.0 78.938843
 5098.0 78.350296
 5099.0 78.854767
 5100.0 78.320633
 5101.0 78.661873
 5102.0 78.696487
 5103.0 78.619835
 5104.0 79.586693
 5105.0 79.955139
 5106.0 80.395302
 5107.0 79.702927
 5108.0 81.972939
 5109.0 82.457596
 5110.0 85.06144
 5111.0 87.249863
 5112.0 83.060959
 5113.0 83.778061
 5114.0 84.814163
 5115.0 87.061935
 5116.0 86.940773
 5117.0 86.975395
 5118.0 86.478363
 5119.0 88.740952
 5120.0 90.635109
 5121.0 89.035225
 5122.0 90.217216
 5123.0 87.445229
 5124.0 89.460541
 5125.0 90.207329
 5126.0 90.036705
 5127.0 90.036705
 5128.0 92.445198
 5129.0 92.158356
 5130.0 94.304726
 5131.0 94.710266
 5132.0 94.875954
 5133.0 94.438271
 5134.0 96.001076
 5135.0 96.661308
 5136.0 95.471886
 5137.0 95.279022
 5138.0 97.286919
 5139.0 95.944199
 5140.0 96.213737
 5141.0 91.834419
 5142.0 91.606911
 5143.0 93.77803
 5144.0 92.237488
 5145.0 94.005539
 5146.0 95.143013
 5147.0 105.103394
 5148.0 107.75177
 5149.0 108.471329
 5150.0 108.86451
 5151.0 112.662712
 5152.0 110.10125
 5153.0 111.701546
 5154.0 108.379547
 5155.0 111.981476
 5156.0 113.963272
 5157.0 113.861702
 5158.0 113.564438
 5159.0 114.51075
 5160.0 114.654411
 5161.0 117.198547
 5162.0 123.238083
 5163.0 124.712044
 5164.0 123.688942
 5165.0 125.370995
 5166.0 123.872261
 5167.0 123.6716
 5168.0 127.865593
 5169.0 132.958801
 5170.0 130.204102
 5171.0 119.779854
 5172.0 119.859108
 5173.0 111.793213
 5174.0 116.252251
 5175.0 112.457092
 5176.0 110.980659
 5177.0 114.310089
 5178.0 114.488449
 5179.0 111.109474
 5180.0 109.33577
 5181.0 105.867615
 5182.0 109.078133
 5183.0 110.792389
 5184.0 106.145081
 5185.0 107.235069
 5186.0 111.25811
 5187.0 113.913727
 5188.0 113.051651
 5189.0 114.755981
 5190.0 115.727074
 5191.0 111.991379
 5192.0 115.439713
 5193.0 112.130112
 5194.0 114.032623
 5195.0 113.923645
 5196.0 115.905434
 5197.0 123.267807
 5198.0 119.997841
 5199.0 120.087013
 5200.0 119.611389
 5201.0 117.93676
 5202.0 114.924446
 5203.0 116.440514
 5204.0 115.806328
 5205.0 114.696526
 5206.0 113.992989
 5207.0 114.002907
 5208.0 115.538795
 5209.0 110.18795
 5210.0 114.270447
 5211.0 107.86924
 5212.0 107.780052
 5213.0 109.434868
 5214.0 113.903824
 5215.0 117.946678
 5216.0 117.812691
 5217.0 115.46019
 5218.0 115.112785
 5219.0 118.606773
 5220.0 118.328842
 5221.0 118.378479
 5222.0 119.410782
 5223.0 118.507507
 5224.0 117.157562
 5225.0 117.763046
 5226.0 116.472664
 5227.0 113.008453
 5228.0 114.318703
 5229.0 115.172348
 5230.0 115.728203
 5231.0 118.170029
 5232.0 121.812897
 5233.0 122.170242
 5234.0 122.031273
 5235.0 121.346359
 5236.0 122.835281
 5237.0 123.460625
 5238.0 120.879845
 5239.0 122.329048
 5240.0 121.505196
 5241.0 120.879845
 5242.0 126.934753
 5243.0 126.865273
 5244.0 127.748695
 5245.0 125.723778
 5246.0 127.282166
 5247.0 130.905197
 5248.0 129.991989
 5249.0 130.994522
 5250.0 135.679642
 5251.0 133.873077
 5252.0 132.731598
 5253.0 131.709213
 5254.0 128.453445
 5255.0 130.041595
 5256.0 125.664223
 5257.0 129.952286
 5258.0 131.073929
 5259.0 128.026611
 5260.0 127.847954
 5261.0 129.922501
 5262.0 127.957153
 5263.0 126.200226
 5264.0 126.885124
 5265.0 131.054062
 5266.0 135.858307
 5267.0 138.042038
 5268.0 141.863586
 5269.0 142.101822
 5270.0 141.009918
 5271.0 136.07666
 5272.0 130.984604
 5273.0 133.148483
 5274.0 133.992203
 5275.0 132.949966
 5276.0 136.374466
 5277.0 135.951965
 5278.0 136.101105
 5279.0 135.20639
 5280.0 134.590073
 5281.0 134.331604
 5282.0 134.570175
 5283.0 132.403061
 5284.0 130.066925
 5285.0 128.943619
 5286.0 129.102676
 5287.0 125.255547
 5288.0 125.116379
 5289.0 124.60939
 5290.0 120.275154
 5291.0 120.543556
 5292.0 127.034973
 5293.0 124.380745
 5294.0 121.338829
 5295.0 119.420227
 5296.0 120.702599
 5297.0 115.672501
 5298.0 120.37455
 5299.0 119.271118
 5300.0 121.23941
 5301.0 120.314911
 5302.0 123.257416
 5303.0 124.828079
 5304.0 124.022873
 5305.0 119.817856
 5306.0 119.281052
 5307.0 122.660965
 5308.0 121.815987
 5309.0 119.380455
 5310.0 119.877502
 5311.0 120.493843
 5312.0 120.672775
 5313.0 119.191582
 5314.0 121.428291
 5315.0 122.273262
 5316.0 125.156136
 5317.0 125.464302
 5318.0 127.144325
 5319.0 129.589767
 5320.0 132.214172
 5321.0 130.464584
 5322.0 133.635727
 5323.0 131.249908
 5324.0 133.705307
 5325.0 133.36734
 5326.0 134.04332
 5327.0 132.323547
 5328.0 132.711227
 5329.0 131.160461
 5330.0 133.526398
 5331.0 133.924026
 5332.0 133.595963
 5333.0 132.790756
 5334.0 132.691345
 5335.0 130.683289
 5336.0 131.756882
 5337.0 127.094604
 5338.0 127.34314
 5339.0 128.97345
 5340.0 129.660553
 5341.0 126.314705
 5342.0 125.378685
 5343.0 122.25193
 5344.0 124.442642
 5345.0 126.91217
 5346.0 125.73716
 5347.0 124.323151
 5348.0 124.163826
 5349.0 126.772766
 5350.0 124.900703
 5351.0 126.563652
 5352.0 126.364502
 5353.0 126.314705
 5354.0 124.751328
 5355.0 124.084167
 5356.0 123.755554
 5357.0 124.532257
 5358.0 123.018684
 5359.0 125.358765
 5360.0 125.368721
 5361.0 126.205177
 5362.0 126.593536
 5363.0 125.577835
 5364.0 126.812599
 5365.0 129.929382
 5366.0 129.092941
 5367.0 129.600784
 5368.0 131.233856
 5369.0 129.909485
 5370.0 131.741714
 5371.0 133.414612
 5372.0 133.135818
 5373.0 132.847031
 5374.0 132.548309
 5375.0 134.211258
 5376.0 135.754715
 5377.0 136.382065
 5378.0 136.69075
 5379.0 139.3694
 5380.0 141.4207
 5381.0 143.959946
 5382.0 142.635544
 5383.0 144.497665
 5384.0 143.890244
 5385.0 145.025421
 5386.0 148.520599
 5387.0 147.853439
 5388.0 145.772247
 5389.0 141.848877
 5390.0 145.533249
 5391.0 144.786438
 5392.0 146.180511
 5393.0 147.933105
 5394.0 148.361298
 5395.0 146.15065
 5396.0 144.36821
 5397.0 145.025421
 5398.0 145.244492
 5399.0 144.90593
 5400.0 146.738159
 5401.0 146.329895
 5402.0 146.439438
 5403.0 145.741333
 5404.0 145.691467
 5405.0 145.20282
 5406.0 145.462097
 5407.0 148.483841
 5408.0 148.693283
 5409.0 150.707748
 5410.0 149.780304
 5411.0 145.960739
 5412.0 146.299805
 5413.0 147.785751
 5414.0 149.30162
 5415.0 149.211838
 5416.0 147.955276
 5417.0 147.137512
 5418.0 148.194641
 5419.0 152.702301
 5420.0 151.415817
 5421.0 152.093964
 5422.0 153.23085
 5423.0 153.879089
 5424.0 156.262573
 5425.0 154.686874
 5426.0 153.649719
 5427.0 148.563614
 5428.0 149.142044
 5429.0 147.715927
 5430.0 148.623444
 5431.0 148.384094
 5432.0 145.66156
 5433.0 142.550079
 5434.0 143.038727
 5435.0 145.452133
 5436.0 146.429474
 5437.0 146.519211
 5438.0 144.973434
 5439.0 141.522873
 5440.0 142.440384
 5441.0 141.113998
 5442.0 142.260864
 5443.0 138.760437
 5444.0 140.725067
 5445.0 141.61264
 5446.0 142.899109
 5447.0 142.510178
 5448.0 142.420425
 5449.0 141.123978
 5450.0 140.52562
 5451.0 143.367828
 5452.0 144.444885
 5453.0 146.150223
 5454.0 148.354187
 5455.0 148.852829
 5456.0 149.07222
 5457.0 148.284393
 5458.0 148.234528
 5459.0 148.912674
 5460.0 148.443954
 5461.0 152.153809
 5462.0 149.391357
 5463.0 148.55365
 5464.0 149.610764
 5465.0 151.076767
 5466.0 150.548203
 5467.0 151.087509
 5468.0 150.248581
 5469.0 150.618103
 5470.0 147.731781
 5471.0 147.681839
 5472.0 149.799149
 5473.0 149.809128
 5474.0 150.807861
 5475.0 153.294693
 5476.0 157.669113
 5477.0 160.345718
 5478.0 160.815109
 5479.0 161.20462
 5480.0 161.733948
 5481.0 156.610474
 5482.0 160.036102
 5483.0 165.089676
 5484.0 164.560349
 5485.0 163.55162
 5486.0 161.634064
 5487.0 165.10965
 5488.0 170.962173
 5489.0 174.857224
 5490.0 174.337875
 5491.0 179.221664
 5492.0 175.516388
 5493.0 174.108185
 5494.0 179.071854
 5495.0 172.040802
 5496.0 170.922241
 5497.0 169.533997
 5498.0 172.769882
 5499.0 175.416504
 5500.0 176.055695
 5501.0 180.10054
 5502.0 179.061859
 5503.0 179.151749
 5504.0 177.973251
 5505.0 177.344055
 5506.0 181.778397
 5507.0 179.471344
 5508.0 174.697418
 5509.0 171.781143
 5510.0 171.950928
 5511.0 171.970901
 5512.0 174.857224
 5513.0 175.306641
 5514.0 171.970901
 5515.0 172.849792
 5516.0 169.583939
 5517.0 166.018478
 5518.0 164.300659
 5519.0 162.203354
 5520.0 161.414337
 5521.0 159.576691
 5522.0 159.486801
 5523.0 159.01741
 5524.0 170.113266
 5525.0 174.557602
 5526.0 174.387817
 5527.0 175.616257
 5528.0 172.679993
 5529.0 172.389999
 5530.0 171.660004
 5531.0 174.830002
 5532.0 176.279999
 5533.0 172.119995
 5534.0 168.639999
 5535.0 168.880005
 5536.0 172.789993
